1e+10 0.000468247 0.00129373 0.912315 0.0859234
1.00925e+10 6.42268e-06 0.00124284 0.914099 0.0846517
1.01859e+10 5.40418e-05 0.00120966 0.915474 0.0832625
1.02802e+10 1.20559e-05 0.00116266 0.916767 0.0820578
1.03753e+10 0.000529554 0.00113565 0.917626 0.080709
1.04713e+10 0.000277714 0.00108654 0.919062 0.079574
1.05682e+10 0.000371984 0.00105307 0.920254 0.0783206
1.0666e+10 0.000261772 0.00102742 0.921731 0.0769802
1.07647e+10 0.000418208 0.000987759 0.922724 0.0758701
1.08643e+10 0.000411079 0.000955824 0.923955 0.0746778
1.09648e+10 6.91e-05 0.000922129 0.925507 0.0735018
1.10662e+10 0.000372744 0.000894395 0.926385 0.0723483
1.11686e+10 0.000311996 0.000864422 0.927611 0.071213
1.1272e+10 4.20497e-05 0.000823007 0.928902 0.0702332
1.13763e+10 3.71704e-05 0.000799732 0.930089 0.0690739
1.14815e+10 3.08045e-05 0.000765495 0.931116 0.0680874
1.15878e+10 0.000413342 0.000750279 0.931921 0.0669155
1.1695e+10 0.00049253 0.000722517 0.932879 0.0659058
1.18032e+10 5.2774e-05 0.000690492 0.934332 0.0649252
1.19124e+10 0.000466322 0.000670916 0.93497 0.0638927
1.20226e+10 0.00030037 0.000645232 0.936147 0.062907
1.21339e+10 0.00025348 0.000609658 0.937033 0.0621038
1.22462e+10 0.000132015 0.000585278 0.938124 0.0611582
1.23595e+10 0.000485828 0.000571719 0.938811 0.0601317
1.24738e+10 0.000247982 0.000541895 0.939906 0.0593043
1.25893e+10 0.000430804 0.000525608 0.940698 0.058346
1.27057e+10 5.88426e-06 0.000500331 0.942015 0.0574792
1.28233e+10 2.60199e-05 0.000479571 0.942876 0.0566188
1.2942e+10 0.000394161 0.000467569 0.943455 0.0556835
1.30617e+10 0.000396664 0.000447019 0.944292 0.0548642
1.31826e+10 8.66444e-05 0.000428275 0.945483 0.0540017
1.33045e+10 0.000296135 0.000413199 0.946128 0.0531629
1.34276e+10 5.33136e-06 0.000390425 0.947188 0.0524163
1.35519e+10 0.000255462 0.000379193 0.947805 0.0515607
1.36773e+10 9.6932e-06 0.000357971 0.948793 0.0508396
1.38038e+10 0.000361321 0.000347976 0.949275 0.050016
1.39316e+10 0.000104627 0.000329964 0.950284 0.049281
1.40605e+10 0.000495712 0.000316894 0.950628 0.0485598
1.41906e+10 0.000359278 0.000303876 0.951547 0.04779
1.43219e+10 0.000401259 0.000284473 0.952126 0.0471881
1.44544e+10 0.000525918 0.000275159 0.952777 0.046422
1.45881e+10 0.000125973 0.000255528 0.953806 0.0458123
1.47231e+10 0.000394574 0.000245665 0.954243 0.0451169
1.48594e+10 2.84743e-06 0.000232453 0.955346 0.0444191
1.49968e+10 0.000201843 0.000220121 0.955771 0.0438065
1.51356e+10 2.53147e-05 0.000211436 0.956684 0.0430795
1.52757e+10 0.0001448 0.000198178 0.957139 0.0425179
1.5417e+10 1.14947e-05 0.000189873 0.957974 0.0418248
1.55597e+10 0.000269641 0.00017903 0.958281 0.04127
1.57036e+10 5.73534e-05 0.000168632 0.959121 0.0406526
1.58489e+10 0.00048158 0.000164613 0.959361 0.0399933
1.59956e+10 0.000451967 0.000154761 0.959965 0.0394281
1.61436e+10 2.58477e-05 0.000144586 0.961003 0.0388261
1.6293e+10 4.03801e-06 0.000135818 0.961587 0.0382729
1.64437e+10 0.000418228 0.000131796 0.961771 0.0376787
1.65959e+10 0.00023667 0.000123896 0.96253 0.0371091
1.67494e+10 0.000415227 0.000116275 0.962852 0.0366161
1.69044e+10 0.000185671 0.000109587 0.963668 0.0360368
1.70608e+10 0.000327628 0.000103865 0.964054 0.0355147
1.72187e+10 4.34564e-05 9.38564e-05 0.964788 0.0350751
1.7378e+10 8.01142e-05 8.8148e-05 0.965259 0.0345726
1.75388e+10 0.000178579 8.54465e-05 0.965748 0.0339878
1.77011e+10 2.66474e-06 7.79115e-05 0.966374 0.0335459
1.78649e+10 0.000139378 7.48229e-05 0.96677 0.0330157
1.80302e+10 0.000160334 6.83501e-05 0.967149 0.0326223
1.8197e+10 0.000172814 6.40717e-05 0.967611 0.0321523
1.83654e+10 9.16138e-05 6.09863e-05 0.968231 0.0316164
1.85353e+10 2.48797e-05 5.55607e-05 0.968698 0.031222
1.87068e+10 3.03578e-05 5.26978e-05 0.969184 0.0307325
1.88799e+10 0.000363988 5.04096e-05 0.969253 0.0303329
1.90546e+10 0.000412624 4.77835e-05 0.969659 0.0298805
1.92309e+10 9.64298e-05 4.26126e-05 0.970368 0.029493
1.94089e+10 0.000432306 4.22389e-05 0.970497 0.0290287
1.95884e+10 0.000426601 3.95236e-05 0.970905 0.0286288
1.97697e+10 7.61988e-06 3.48839e-05 0.97172 0.0282375
1.99526e+10 0.000250122 3.38499e-05 0.971854 0.0278625
2.01372e+10 8.20393e-05 3.1138e-05 0.972419 0.0274677
2.03236e+10 0.00035836 3.13194e-05 0.97261 0.0270003
2.05116e+10 0.000136816 2.85794e-05 0.973209 0.0266258
2.07014e+10 0.000400922 2.85072e-05 0.97332 0.0262508
2.0893e+10 4.32183e-05 2.53931e-05 0.973974 0.0259571
2.10863e+10 0.000186976 2.51617e-05 0.97418 0.0256083
2.12814e+10 4.30563e-07 2.34444e-05 0.97476 0.0252157
2.14783e+10 0.00046788 2.50857e-05 0.974642 0.0248655
2.1677e+10 0.000472789 2.45002e-05 0.975012 0.0244906
2.18776e+10 0.000375679 2.39973e-05 0.975389 0.0242109
2.208e+10 0.000188639 2.24531e-05 0.975988 0.0238011
2.22844e+10 3.82942e-05 2.18756e-05 0.976442 0.0234974
2.24905e+10 0.000303517 2.29526e-05 0.976528 0.0231459
2.26986e+10 0.00017965 2.36315e-05 0.976875 0.0229213
2.29087e+10 0.00042265 2.5002e-05 0.976962 0.0225899
2.31206e+10 0.000222514 2.49577e-05 0.97745 0.0223022
2.33346e+10 0.000212209 2.42984e-05 0.977852 0.0219116
2.35505e+10 1.71936e-06 2.50169e-05 0.978306 0.0216668
2.37684e+10 1.65065e-05 2.57158e-05 0.978602 0.0213554
2.39883e+10 0.000481482 2.84726e-05 0.978442 0.0210481
2.42103e+10 4.18477e-05 2.79024e-05 0.979156 0.0207746
2.44343e+10 1.74206e-05 2.92915e-05 0.979449 0.0205041
2.46604e+10 0.000357425 3.13486e-05 0.979416 0.020195
2.48886e+10 9.27485e-05 3.37986e-05 0.979867 0.020006
2.51189e+10 0.000336374 3.65694e-05 0.979886 0.0197406
2.53513e+10 0.000149528 3.77038e-05 0.98033 0.0194828
2.55859e+10 0.000220448 3.73909e-05 0.9806 0.0191422
2.58226e+10 3.64393e-05 4.06888e-05 0.980967 0.0189561
2.60615e+10 7.11108e-05 4.31598e-05 0.981172 0.0187132
2.63027e+10 7.02426e-05 4.33602e-05 0.981476 0.0184108
2.65461e+10 0.000431066 4.88596e-05 0.981302 0.0182184
2.67917e+10 0.000483191 4.93996e-05 0.98154 0.0179274
2.70396e+10 0.00052182 5.23726e-05 0.981721 0.0177045
2.72898e+10 0.000211843 5.59973e-05 0.9822 0.0175317
2.75423e+10 0.000422965 5.61637e-05 0.982293 0.017228
2.77971e+10 0.000189149 5.76903e-05 0.982752 0.0170013
2.80543e+10 0.000348206 6.08387e-05 0.982813 0.0167783
2.83139e+10 0.00040895 6.72109e-05 0.982891 0.0166328
2.85759e+10 0.000278135 6.61892e-05 0.983305 0.0163504
2.88403e+10 7.70128e-05 6.90838e-05 0.983698 0.016156
2.91072e+10 0.000230858 7.1872e-05 0.983762 0.0159349
2.93765e+10 0.000485637 7.87541e-05 0.983651 0.0157851
2.96483e+10 0.000151377 7.80444e-05 0.984232 0.0155384
2.99226e+10 4.94669e-06 8.24524e-05 0.98454 0.0153726
3.01995e+10 5.5751e-05 8.48322e-05 0.984699 0.0151607
3.04789e+10 0.000486225 8.94693e-05 0.984458 0.0149662
3.0761e+10 5.26844e-06 9.32296e-05 0.985089 0.0148129
3.10456e+10 0.000232677 9.91288e-05 0.985015 0.0146532
3.13329e+10 0.000210041 0.000102632 0.985216 0.0144717
3.16228e+10 5.36132e-06 0.00010295 0.985637 0.0142549
3.19154e+10 0.000507171 0.000107977 0.985311 0.0140739
3.22107e+10 0.000177966 0.000108456 0.985841 0.0138723
3.25087e+10 7.63423e-05 0.000112462 0.9861 0.0137114
3.28095e+10 0.000283922 0.000115804 0.986071 0.0135289
3.31131e+10 0.000437366 0.000124492 0.986017 0.0134216
3.34195e+10 0.000177924 0.000123312 0.986493 0.0132056
3.37287e+10 1.04795e-06 0.000129353 0.986789 0.0130805
3.40408e+10 1.12e-06 0.000133147 0.986945 0.0129211
3.43558e+10 0.000204847 0.000134738 0.986931 0.0127293
3.46737e+10 0.000408338 0.00014413 0.986815 0.0126326
3.49945e+10 0.000284757 0.000142825 0.987147 0.012425
3.53183e+10 6.36977e-05 0.000147289 0.987499 0.0122901
3.56451e+10 0.000112207 0.000150869 0.9876 0.0121371
3.59749e+10 0.00044962 0.000156165 0.987399 0.011995
3.63078e+10 0.000123523 0.000164331 0.987805 0.0119076
3.66438e+10 0.000476268 0.000165863 0.987629 0.0117286
3.69828e+10 0.000333667 0.00016741 0.98793 0.011569
3.7325e+10 0.000379302 0.000171828 0.988014 0.0114349
3.76704e+10 0.000475885 0.000180048 0.988005 0.0113386
3.80189e+10 6.26604e-06 0.000183188 0.9886 0.0112103
3.83707e+10 0.00044708 0.000188709 0.988284 0.0110801
3.87258e+10 0.00038165 0.000189116 0.988511 0.0109181
3.90841e+10 0.000356674 0.000192982 0.988661 0.0107897
3.94457e+10 0.000478755 0.000200038 0.988633 0.0106881
3.98107e+10 0.00013283 0.000207261 0.989059 0.0106011
4.01791e+10 0.000355838 0.000206219 0.98901 0.0104279
4.05509e+10 8.09708e-06 0.000212151 0.989447 0.0103323
4.09261e+10 2.98898e-05 0.000218903 0.989516 0.0102355
4.13048e+10 4.81533e-06 0.000222352 0.98966 0.0101133
4.16869e+10 0.00014341 0.000223179 0.989666 0.00996767
4.20727e+10 0.000431557 0.000232749 0.989444 0.00989194
4.2462e+10 8.44805e-05 0.000232758 0.989928 0.00975475
4.28549e+10 6.07458e-05 0.000242024 0.990012 0.0096854
4.32514e+10 0.00016866 0.000247499 0.989999 0.00958441
4.36516e+10 8.58852e-05 0.00025138 0.990186 0.00947662
4.40555e+10 3.12285e-05 0.000251502 0.990376 0.00934166
4.44631e+10 0.000440809 0.000257645 0.990057 0.00924443
4.48745e+10 5.65279e-06 0.00026191 0.990581 0.00915123
4.52898e+10 0.000216963 0.000270535 0.990434 0.00907831
4.57088e+10 0.000352781 0.000274113 0.990401 0.00897182
4.61318e+10 0.000321007 0.000279111 0.99052 0.00887996
4.65586e+10 9.42034e-05 0.000283608 0.990833 0.00878936
4.69894e+10 0.000127791 0.000282229 0.990934 0.00865552
4.74242e+10 0.000314246 0.000293379 0.990787 0.00860562
4.7863e+10 0.00028874 0.000291768 0.990944 0.00847504
4.83059e+10 4.90843e-05 0.000297268 0.991257 0.00839675
4.87528e+10 1.57497e-05 0.000302772 0.991365 0.00831618
4.9204e+10 8.65766e-05 0.000305781 0.991388 0.0082192
4.96592e+10 0.000362401 0.00031106 0.991192 0.00813493
5.01187e+10 0.000190164 0.000321601 0.991397 0.00809136
5.05825e+10 0.000255443 0.000319246 0.99146 0.00796536
5.10505e+10 1.44276e-05 0.000328622 0.99174 0.00791719
5.15229e+10 0.000195544 0.000335707 0.991619 0.00784969
5.19996e+10 0.000253026 0.000340138 0.991638 0.00776912
5.24807e+10 0.000148556 0.000344776 0.991813 0.00769317
5.29663e+10 4.14662e-06 0.000345692 0.992053 0.00759732
5.34564e+10 0.000344903 0.000348028 0.991802 0.00750481
5.39511e+10 8.51521e-05 0.000358565 0.992088 0.00746789
5.44503e+10 0.000414916 0.000359733 0.991854 0.00737145
5.49541e+10 0.000173498 0.00036136 0.992179 0.00728627
5.54626e+10 4.79385e-05 0.000367419 0.992359 0.0072252
5.59758e+10 6.24334e-05 0.000371768 0.992412 0.00715405
5.64937e+10 0.000230749 0.000375355 0.992316 0.0070781
5.70164e+10 0.000397928 0.000384872 0.992182 0.0070347
5.7544e+10 1.60218e-05 0.000389778 0.99262 0.00697389
5.80764e+10 0.000425939 0.000392243 0.992289 0.00689252
5.86138e+10 4.60842e-05 0.000395464 0.992733 0.00682498
5.91562e+10 7.38801e-05 0.000406003 0.992729 0.00679109
5.97035e+10 0.000210742 0.000411792 0.992645 0.0067326
6.0256e+10 0.000194626 0.000416404 0.992718 0.00667072
6.08135e+10 4.68047e-05 0.000419459 0.99293 0.00660345
6.13762e+10 8.19106e-05 0.000418174 0.992986 0.00651429
6.19441e+10 0.000434157 0.000426351 0.99267 0.00646903
6.25173e+10 3.32436e-06 0.000431181 0.993149 0.006416
6.30957e+10 0.000434265 0.000437848 0.992764 0.00636422
6.36796e+10 0.000285308 0.000435711 0.993001 0.0062775
6.42688e+10 4.59773e-05 0.000442394 0.993278 0.00623383
6.48634e+10 4.22405e-06 0.000449126 0.993357 0.00618918
6.54636e+10 2.35238e-05 0.000452617 0.993394 0.0061299
6.60693e+10 0.000195185 0.000454608 0.993287 0.00606346
6.66807e+10 0.00045571 0.000463614 0.993052 0.00602857
6.72977e+10 8.11506e-05 0.000472208 0.993449 0.00599769
6.79204e+10 0.000370056 0.000468871 0.993252 0.00590951
6.85488e+10 3.03727e-05 0.000480287 0.993598 0.00589184
6.91831e+10 0.000449972 0.000485934 0.993221 0.00584344
6.98232e+10 0.000460441 0.000483936 0.993289 0.0057665
7.04693e+10 0.000313978 0.00048671 0.993487 0.00571216
7.11214e+10 0.000299096 0.000491435 0.993544 0.00566577
7.17794e+10 0.00042745 0.000497592 0.99345 0.00562493
7.24436e+10 0.000477325 0.00050848 0.993409 0.00560473
7.31139e+10 8.60911e-05 0.000515038 0.993829 0.00557036
7.37904e+10 0.000268935 0.000509943 0.993736 0.00548526
7.44732e+10 0.000247481 0.000525633 0.993741 0.00548621
7.51623e+10 0.000404903 0.000519769 0.993675 0.00540022
7.58578e+10 7.87265e-06 0.000528453 0.994087 0.00537671
7.65597e+10 0.000189464 0.000539904 0.99391 0.0053604
7.72681e+10 0.000412693 0.000544243 0.993727 0.00531648
7.7983e+10 0.000469569 0.000548146 0.99371 0.00527265
7.87046e+10 0.000391459 0.00055412 0.993816 0.00523826
7.94328e+10 0.00014793 0.000558754 0.994093 0.00520037
8.01678e+10 2.56283e-05 0.000555564 0.994286 0.0051329
8.09096e+10 0.000470785 0.000558602 0.993884 0.00508614
8.16582e+10 0.000167145 0.000572739 0.994174 0.00508568
8.24138e+10 0.00037148 0.000566067 0.994057 0.00500587
8.31764e+10 4.47781e-05 0.00057961 0.994372 0.00500395
8.3946e+10 0.000496748 0.0005841 0.993954 0.00496483
8.47227e+10 0.000440912 0.00058029 0.994079 0.00489949
8.55067e+10 0.000194403 0.000584075 0.994358 0.00486322
8.62979e+10 9.03097e-05 0.000590387 0.994484 0.00483561
8.70964e+10 0.00010551 0.000594864 0.994498 0.00480133
8.79023e+10 0.000254583 0.000598081 0.994385 0.00476246
8.87156e+10 0.000515149 0.000605797 0.99414 0.00473912
8.95365e+10 0.00041718 0.000620045 0.994222 0.00474045
9.03649e+10 5.73616e-06 0.000619263 0.994683 0.00469224
9.12011e+10 0.000496296 0.00062084 0.994235 0.00464808
9.2045e+10 3.48633e-05 0.000631716 0.994693 0.00464061
9.28966e+10 0.000510695 0.000633166 0.994259 0.00459718
9.37562e+10 0.00011753 0.000632849 0.994697 0.00455283
9.46237e+10 6.31277e-05 0.000646852 0.994735 0.00455454
9.54993e+10 0.000347797 0.000653356 0.994469 0.00453019
9.63829e+10 0.000497399 0.000654974 0.994357 0.00449101
9.72747e+10 0.000529136 0.000658014 0.994355 0.00445754
9.81748e+10 0.000523084 0.000664016 0.994379 0.00443423
9.90832e+10 0.00042631 0.000672367 0.994482 0.00441915
1e+11 0.000153391 0.000678138 0.994772 0.00439696
1.00925e+11 2.58893e-05 0.000674556 0.994954 0.00434513
1.01859e+11 0.000448563 0.000677317 0.994563 0.00431142
1.02802e+11 0.000235865 0.000693498 0.994748 0.00432248
1.03753e+11 0.000201159 0.000685959 0.994853 0.00425973
1.04713e+11 0.000248467 0.000703103 0.994775 0.00427297
1.05682e+11 0.000358044 0.000696846 0.99473 0.00421476
1.0666e+11 4.393e-06 0.000706847 0.99508 0.0042083
1.07647e+11 0.000239732 0.000717504 0.994841 0.00420161
1.08643e+11 0.000435554 0.000717849 0.994682 0.0041645
1.09648e+11 0.000402488 0.000718135 0.994751 0.00412862
1.10662e+11 0.00033263 0.000721407 0.994844 0.0041022
1.11686e+11 0.000327062 0.000726257 0.994866 0.00408054
1.1272e+11 0.000394623 0.000732488 0.99481 0.00406297
1.13763e+11 0.000462062 0.000741682 0.994742 0.00405427
1.14815e+11 0.000336554 0.000752747 0.994859 0.00405183
1.15878e+11 3.31843e-05 0.000755894 0.995183 0.00402749
1.1695e+11 0.000192658 0.000751984 0.995074 0.0039818
1.18032e+11 0.000426769 0.000766368 0.994819 0.00398819
1.19124e+11 7.20029e-06 0.000768768 0.995261 0.00396316
1.20226e+11 0.000437735 0.000773979 0.994845 0.00394346
1.21339e+11 1.51503e-05 0.00077858 0.995281 0.00392525
1.22462e+11 0.000328999 0.00078955 0.994959 0.00392248
1.23595e+11 0.000276847 0.000785741 0.995057 0.00388042
1.24738e+11 1.43553e-05 0.000795093 0.995315 0.00387555
1.25893e+11 0.000109092 0.000806102 0.995211 0.00387419
1.27057e+11 0.000273327 0.000811041 0.995059 0.00385631
1.28233e+11 0.00033959 0.000814066 0.995012 0.00383389
1.2942e+11 0.000349635 0.000818187 0.995017 0.0038149
1.30617e+11 0.000349032 0.000823975 0.995026 0.00380066
1.31826e+11 0.000327166 0.00083137 0.99505 0.00379099
1.33045e+11 0.000229281 0.00083925 0.995148 0.00378301
1.34276e+11 5.74865e-05 0.000843818 0.995332 0.00376675
1.35519e+11 4.51908e-05 0.00084293 0.995376 0.00373607
1.36773e+11 0.00033373 0.000847735 0.995099 0.00371971
1.38038e+11 0.000264042 0.00086287 0.995142 0.00373126
1.39316e+11 3.29735e-05 0.000861292 0.995405 0.00370035
1.40605e+11 0.000410984 0.000869612 0.995026 0.00369344
1.41906e+11 1.3261e-05 0.000876885 0.995424 0.00368615
1.43219e+11 0.000415494 0.00088217 0.99503 0.00367185
1.44544e+11 4.02704e-05 0.000885569 0.995419 0.00365512
1.45881e+11 0.000255571 0.000900329 0.995179 0.00366552
1.47231e+11 0.000362011 0.000897129 0.995109 0.00363148
1.48594e+11 6.04254e-05 0.00090363 0.995413 0.00362296
1.49968e+11 4.83935e-05 0.00091739 0.995402 0.00363177
1.51356e+11 0.000231083 0.00092548 0.995217 0.0036262
1.52757e+11 0.000344159 0.000929224 0.995116 0.00361034
1.5417e+11 0.000365666 0.000933041 0.995106 0.00359513
1.55597e+11 0.000358632 0.000938425 0.995119 0.00358402
1.57036e+11 0.00035478 0.000945408 0.995123 0.00357696
1.58489e+11 0.000339082 0.000953906 0.995133 0.00357373
1.59956e+11 0.000261627 0.000963122 0.995203 0.00357248
1.61436e+11 0.00010316 0.000969986 0.995361 0.00356593
1.6293e+11 1.43325e-05 0.000971248 0.995468 0.00354612
1.64437e+11 0.00021337 0.00097311 0.995286 0.00352736
1.65959e+11 0.000370347 0.000987036 0.995105 0.00353725
1.67494e+11 6.21015e-05 0.000996347 0.995404 0.00353741
1.69044e+11 0.000220163 0.000993101 0.995279 0.00350744
1.70608e+11 0.00032277 0.00101174 0.995137 0.00352862
1.72187e+11 7.55601e-05 0.00100914 0.995414 0.00350151
1.7378e+11 0.000405534 0.00102526 0.995053 0.00351649
1.75388e+11 0.000113243 0.00102256 0.995374 0.00348973
1.77011e+11 0.000290101 0.00104328 0.995151 0.00351563
1.78649e+11 0.000400224 0.00103673 0.995083 0.00347972
1.80302e+11 1.37888e-05 0.00105178 0.99544 0.00349399
1.8197e+11 0.000366153 0.00106684 0.99506 0.00350677
1.83654e+11 0.000519914 0.00106301 0.994939 0.00347765
1.85353e+11 0.000200644 0.00106704 0.995265 0.00346734
1.87068e+11 1.00587e-05 0.00108309 0.995423 0.00348366
1.88799e+11 0.000102324 0.0010987 0.995301 0.00349843
1.90546e+11 0.00027889 0.00110904 0.995111 0.00350138
1.92309e+11 0.000401995 0.00111644 0.994983 0.00349809
1.94089e+11 0.000452523 0.00112382 0.994929 0.00349499
1.95884e+11 0.000446191 0.00113245 0.994926 0.00349488
1.97697e+11 0.000383203 0.00114227 0.994977 0.00349754
1.99526e+11 0.000251796 0.0011518 0.995097 0.00349979
2.01372e+11 8.12407e-05 0.00115815 0.995265 0.00349534
2.03236e+11 1.1123e-05 0.00115947 0.995349 0.00348003
2.05116e+11 0.000210165 0.00116108 0.995164 0.00346508
2.07014e+11 0.000505774 0.00117463 0.994844 0.00347562
2.0893e+11 0.000360908 0.00119555 0.994941 0.00350259
2.10863e+11 1.85401e-05 0.00119832 0.995292 0.00349143
2.12814e+11 0.000365359 0.00119823 0.994963 0.00347324
2.14783e+11 0.000394452 0.00122323 0.994874 0.00350849
2.1677e+11 4.70751e-05 0.00122251 0.99524 0.00349042
2.18776e+11 0.00053941 0.00123452 0.994728 0.00349773
2.208e+11 4.08413e-05 0.00124837 0.9952 0.00351055
2.22844e+11 0.0005472 0.00125199 0.9947 0.00350054
2.24905e+11 3.78921e-05 0.00126802 0.995176 0.00351797
2.26986e+11 0.00058772 0.00127746 0.994615 0.00352011
2.29087e+11 0.000107315 0.00128085 0.9951 0.0035116
2.31206e+11 0.000365245 0.00130827 0.994775 0.00355117
2.33346e+11 0.000565667 0.00130131 0.994612 0.00352064
2.35505e+11 6.02011e-05 0.00131709 0.995085 0.0035377
2.37684e+11 0.00032923 0.0013437 0.994752 0.00357544
2.39883e+11 0.00070729 0.00134365 0.99439 0.0035591
2.42103e+11 0.000432118 0.00134379 0.99468 0.00354436
2.44343e+11 7.55508e-05 0.00136383 0.994991 0.00356981
2.46604e+11 0.000120515 0.00138974 0.994883 0.00360633
2.48886e+11 0.000414639 0.00140736 0.994552 0.00362584
2.51189e+11 0.000671978 0.00141669 0.994282 0.00362892
2.53513e+11 0.000791704 0.00142356 0.994157 0.00362741
2.55859e+11 0.000814299 0.00143197 0.994125 0.00362922
2.58226e+11 0.000806757 0.00144312 0.994114 0.00363654
2.60615e+11 0.000809687 0.00145696 0.994084 0.00364919
2.63027e+11 0.000829114 0.00147351 0.99403 0.00366713
2.65461e+11 0.000836501 0.00149301 0.99398 0.00369085
2.67917e+11 0.00077068 0.00151506 0.993995 0.00371957
2.70396e+11 0.000568767 0.00153678 0.994147 0.00374779
2.72898e+11 0.000259496 0.00155219 0.994424 0.00376393
2.75423e+11 6.36421e-05 0.001557 0.99462 0.00375948
2.77971e+11 0.000263682 0.00155902 0.994428 0.00374923
2.80543e+11 0.000712412 0.00157782 0.993939 0.00377097
2.83139e+11 0.000706636 0.00161449 0.993851 0.00382744
2.85759e+11 0.000171202 0.00163363 0.994344 0.00385105
2.88403e+11 0.00024453 0.00162964 0.994296 0.00382986
2.91072e+11 0.000757289 0.0016566 0.993719 0.00386693
2.93765e+11 0.000281603 0.0016909 0.994108 0.00391908
2.96483e+11 0.000259831 0.00168612 0.994157 0.00389685
2.99226e+11 0.000690377 0.00172118 0.993639 0.00394909
3.01995e+11 8.98812e-05 0.00173992 0.994198 0.00397193
3.04789e+11 0.000638214 0.00175048 0.993633 0.00397798
3.0761e+11 0.000180644 0.00178786 0.993996 0.00403541
3.10456e+11 0.000547478 0.00179058 0.993635 0.00402715
3.13329e+11 0.000188894 0.00183145 0.993889 0.00409068
3.16228e+11 0.000576517 0.00183756 0.993497 0.00408881
3.19154e+11 0.000109399 0.00187227 0.993877 0.00414085
3.22107e+11 0.000609582 0.00189342 0.99333 0.00416661
3.25087e+11 0.000179858 0.00190905 0.993728 0.00418339
3.28095e+11 0.000342296 0.0019528 0.993454 0.00425091
3.31131e+11 0.000557567 0.00196055 0.993229 0.00425246
3.34195e+11 0.000114119 0.00199039 0.9936 0.00429512
3.37287e+11 0.000339009 0.00203332 0.993267 0.00436066
3.40408e+11 0.000612569 0.0020466 0.992969 0.00437223
3.43558e+11 0.000260941 0.0020679 0.993272 0.00439913
3.46737e+11 9.12113e-05 0.00211435 0.993323 0.00447111
3.49945e+11 0.000424798 0.00215276 0.992895 0.00452785
3.53183e+11 0.000667298 0.00217144 0.992612 0.00454915
3.56451e+11 0.000494635 0.00219156 0.99274 0.00457353
3.59749e+11 0.000179513 0.0022284 0.992964 0.00462797
3.63078e+11 5.6605e-05 0.00227676 0.992964 0.00470257
3.66438e+11 0.00018231 0.00232455 0.992717 0.00477569
3.69828e+11 0.000421179 0.00236575 0.992376 0.00483676
3.7325e+11 0.000635728 0.00240145 0.992075 0.00488802
3.76704e+11 0.000769132 0.00243557 0.991859 0.00493649
3.80189e+11 0.00083012 0.00247134 0.991711 0.00498786
3.83707e+11 0.000852076 0.00251037 0.991593 0.00504493
3.87258e+11 0.000865619 0.00255318 0.991473 0.00510854
3.90841e+11 0.000888324 0.00259992 0.991333 0.00517887
3.94457e+11 0.000922551 0.00265084 0.99117 0.00525636
3.98107e+11 0.000954201 0.00270641 0.990998 0.00534176
4.01791e+11 0.000951572 0.00276688 0.990846 0.00543551
4.05509e+11 0.00087091 0.00283133 0.990762 0.00553603
4.09261e+11 0.000680576 0.00289662 0.990785 0.00563786
4.13048e+11 0.00040945 0.00295727 0.990902 0.00573152
4.16869e+11 0.000192414 0.00300861 0.99099 0.00580887
4.20727e+11 0.000233941 0.00305356 0.990838 0.0058748
4.2462e+11 0.000617351 0.00310738 0.99032 0.00595547
4.28549e+11 0.00107238 0.00318842 0.989657 0.00608255
4.32514e+11 0.00108993 0.00329288 0.989367 0.00624981
4.36516e+11 0.000585541 0.00338486 0.989634 0.00639592
4.40555e+11 0.000308377 0.00344102 0.98977 0.00648045
4.44631e+11 0.000826281 0.00350374 0.989095 0.0065751
4.48745e+11 0.00126195 0.0036228 0.98835 0.00676514
4.52898e+11 0.00073885 0.00374544 0.988554 0.00696186
4.57088e+11 0.000490604 0.00381182 0.988635 0.0070628
4.61318e+11 0.0012154 0.00390959 0.98766 0.0072153
4.65586e+11 0.00108366 0.0040671 0.98738 0.0074689
4.69894e+11 0.000585278 0.00416243 0.987634 0.00761797
4.74242e+11 0.0012994 0.00427342 0.986636 0.0077915
4.7863e+11 0.00108414 0.00445279 0.986383 0.00808003
4.83059e+11 0.000846448 0.00455882 0.986349 0.00824558
4.87528e+11 0.00149465 0.00472677 0.985266 0.00851274
4.9204e+11 0.000929265 0.00490397 0.985371 0.00879617
4.96592e+11 0.00143305 0.00504885 0.984494 0.00902399
5.01187e+11 0.0012786 0.00527495 0.98406 0.00938655
5.05825e+11 0.00137453 0.00543983 0.983539 0.00964684
5.10505e+11 0.00155006 0.00568968 0.982714 0.0100465
5.15229e+11 0.00148324 0.00589697 0.982244 0.0103755
5.19996e+11 0.00173894 0.00617262 0.981273 0.0108156
5.24807e+11 0.00171931 0.00642919 0.980628 0.0112238
5.29663e+11 0.0019281 0.00674207 0.979607 0.0117228
5.34564e+11 0.00202802 0.0070588 0.978686 0.0122272
5.39511e+11 0.00221752 0.00741809 0.977565 0.0127996
5.44503e+11 0.00234279 0.00781472 0.976411 0.0134315
5.49541e+11 0.00272265 0.00823777 0.974935 0.0141046
5.54626e+11 0.00269272 0.00872143 0.973711 0.0148747
5.59758e+11 0.00332782 0.00926897 0.971658 0.0157456
5.64937e+11 0.00353201 0.0098213 0.970024 0.0166227
5.70164e+11 0.00366765 0.010556 0.967985 0.0177915
5.7544e+11 0.00497576 0.0112798 0.964806 0.0189386
5.80764e+11 0.00485771 0.0121005 0.962802 0.0202402
5.86138e+11 0.0055387 0.0132232 0.959217 0.0220212
5.91562e+11 0.00779275 0.0142958 0.954196 0.0237153
5.97035e+11 0.00804029 0.0155413 0.950734 0.0256842
6.0256e+11 0.00891861 0.0173541 0.945178 0.0285496
6.08135e+11 0.0131847 0.0192762 0.935964 0.0315748
6.13762e+11 0.0166765 0.0212376 0.92743 0.0346561
6.19441e+11 0.0184931 0.0240743 0.918316 0.0391162
6.25173e+11 0.0244269 0.0279703 0.902379 0.045224
6.30957e+11 0.0367435 0.0321456 0.879375 0.0517357
6.36796e+11 0.0514193 0.0364133 0.853803 0.0583644
6.42688e+11 0.06645 0.04174 0.825183 0.0666274
6.48634e+11 0.0859658 0.0489669 0.787256 0.0778113
6.54636e+11 0.115123 0.0576384 0.736085 0.0911536
6.60693e+11 0.15425 0.0662221 0.675299 0.104229
6.66807e+11 0.198358 0.0730481 0.614158 0.114435
6.72977e+11 0.240026 0.0768717 0.563238 0.119865
6.79204e+11 0.271749 0.0768515 0.53214 0.119259
6.85488e+11 0.286935 0.0724171 0.528847 0.111801
6.91831e+11 0.281002 0.0634262 0.558216 0.0973561
6.98232e+11 0.253514 0.050566 0.618832 0.0770883
7.04693e+11 0.210431 0.0356453 0.700043 0.0538802
7.11214e+11 0.164416 0.0214201 0.782141 0.0320231
7.17794e+11 0.131495 0.0108462 0.841629 0.01603
7.24436e+11 0.124283 0.00600728 0.860729 0.00898018
7.31139e+11 0.144639 0.00720377 0.836999 0.0111576
7.37904e+11 0.180583 0.0126325 0.787148 0.0196368
7.44732e+11 0.211293 0.018841 0.740804 0.0290617
7.51623e+11 0.21871 0.0220118 0.725627 0.0336515
7.58578e+11 0.19809 0.0199673 0.751704 0.0302383
7.65597e+11 0.160196 0.0138584 0.805189 0.0207572
7.72681e+11 0.125398 0.00754983 0.85586 0.0111922
7.7983e+11 0.11361 0.00452148 0.875088 0.00678051
7.87046e+11 0.131017 0.00559435 0.854791 0.00859819
7.94328e+11 0.161558 0.00933099 0.81479 0.0143204
8.01678e+11 0.17831 0.0127056 0.789648 0.0193359
8.09096e+11 0.16636 0.0124361 0.802456 0.0187481
8.16582e+11 0.132781 0.008595 0.845828 0.0127967
8.24138e+11 0.10337 0.00477434 0.884837 0.0070186
8.31764e+11 0.104369 0.00380738 0.886141 0.00568351
8.3946e+11 0.131605 0.00581919 0.8537 0.00887652
8.47227e+11 0.1528 0.00819362 0.826507 0.0124997
8.55067e+11 0.145327 0.00836857 0.833685 0.0126195
8.62979e+11 0.119102 0.00687528 0.863835 0.0101882
8.70964e+11 0.100009 0.00488744 0.887934 0.00716982
8.79023e+11 0.0972573 0.00341869 0.894241 0.00508302
8.87156e+11 0.108598 0.00374533 0.881981 0.00567537
8.95365e+11 0.12802 0.00580679 0.857394 0.00877837
9.03649e+11 0.132684 0.00689817 0.850062 0.0103559
9.12011e+11 0.109371 0.00546693 0.877065 0.00809745
9.2045e+11 0.0872468 0.00363679 0.903818 0.0052987
9.28966e+11 0.0892871 0.00299024 0.9033 0.00442229
9.37562e+11 0.101567 0.00326807 0.890235 0.00493013
9.46237e+11 0.114245 0.00468231 0.874035 0.00703736
9.54993e+11 0.115624 0.00535197 0.871042 0.00798165
9.63829e+11 0.0939848 0.0041484 0.895766 0.00610082
9.72747e+11 0.0790519 0.0028837 0.913875 0.00418945
9.81748e+11 0.0833811 0.00246541 0.910505 0.00364827
9.90832e+11 0.0946627 0.00299637 0.897852 0.00448881
1e+12 0.106873 0.00415069 0.882771 0.0062052
1.00925e+12 0.0979704 0.00406492 0.891945 0.00601933
1.01859e+12 0.079989 0.00310549 0.912385 0.00452014
1.02802e+12 0.0729644 0.00230568 0.921374 0.00335628
1.03753e+12 0.0782262 0.00213683 0.916482 0.00315448
1.04713e+12 0.0931755 0.00295455 0.899456 0.00441383
1.05682e+12 0.0936019 0.00339114 0.897971 0.00503638
1.0666e+12 0.0834224 0.00317132 0.908762 0.0046443
1.07647e+12 0.0703661 0.00239791 0.923758 0.00347812
1.08643e+12 0.0677209 0.00186356 0.927705 0.00271016
1.09648e+12 0.0770743 0.00200334 0.917958 0.00296388
1.10662e+12 0.0852768 0.00267391 0.90808 0.00396902
1.11686e+12 0.083965 0.00290271 0.908855 0.00427772
1.1272e+12 0.071065 0.00239685 0.923056 0.00348183
1.13763e+12 0.0623148 0.00186788 0.933121 0.00269656
1.14815e+12 0.0652172 0.00162302 0.930793 0.00236668
1.15878e+12 0.0743287 0.00190672 0.920949 0.00281534
1.1695e+12 0.0782724 0.00237362 0.91585 0.00350351
1.18032e+12 0.072807 0.00239313 0.921301 0.0034984
1.19124e+12 0.0621139 0.00185124 0.933364 0.00267081
1.20226e+12 0.0572863 0.00150146 0.939051 0.00216118
1.21339e+12 0.0628964 0.00149387 0.933425 0.00218488
1.22462e+12 0.0703172 0.00179176 0.925255 0.00263606
1.23595e+12 0.070544 0.00200577 0.924512 0.00293868
1.24738e+12 0.064168 0.00198499 0.930961 0.00288563
1.25893e+12 0.0540515 0.00147839 0.942349 0.00212077
1.27057e+12 0.0553454 0.00127812 0.941535 0.001841
1.28233e+12 0.0591072 0.00131456 0.937663 0.00191498
1.2942e+12 0.065789 0.00166559 0.930099 0.00244657
1.30617e+12 0.0634284 0.00177835 0.932202 0.00259083
1.31826e+12 0.0558314 0.00148968 0.940533 0.002146
1.33045e+12 0.0511678 0.00130965 0.945646 0.00187669
1.34276e+12 0.0497403 0.00107353 0.947642 0.00154393
1.35519e+12 0.0578248 0.00127474 0.93904 0.00186082
1.36773e+12 0.0593781 0.00141595 0.937144 0.00206162
1.38038e+12 0.0571277 0.00143258 0.939362 0.00207743
1.39316e+12 0.0516314 0.00139172 0.944974 0.00200331
1.40605e+12 0.044483 0.00102485 0.953032 0.00145964
1.41906e+12 0.0496008 0.00100598 0.947943 0.00145045
1.43219e+12 0.0521369 0.00108487 0.945209 0.00156954
1.44544e+12 0.0542637 0.00119262 0.942811 0.00173259
1.45881e+12 0.0536728 0.00134521 0.943032 0.00195004
1.47231e+12 0.0446189 0.00112428 0.952651 0.0016058
1.48594e+12 0.0433115 0.000885539 0.954541 0.0012623
1.49968e+12 0.0458522 0.000913346 0.951925 0.00130931
1.51356e+12 0.0467425 0.000902157 0.951056 0.00129886
1.52757e+12 0.0510688 0.00107236 0.946301 0.00155785
1.5417e+12 0.0489386 0.00118215 0.948172 0.00170714
1.55597e+12 0.0407369 0.000934335 0.957 0.00132897
1.57036e+12 0.0412867 0.000804306 0.956763 0.00114577
1.58489e+12 0.0418779 0.000811673 0.956152 0.00115821
1.59956e+12 0.0421985 0.000767348 0.955935 0.00109924
1.61436e+12 0.0469534 0.000913415 0.95081 0.00132342
1.6293e+12 0.0458919 0.00103508 0.95158 0.00149306
1.64437e+12 0.0381564 0.000847732 0.959791 0.00120444
1.65959e+12 0.0376724 0.00070009 0.960634 0.000993498
1.67494e+12 0.0394888 0.000732281 0.958735 0.00104395
1.69044e+12 0.0381898 0.000681282 0.960159 0.000969576
1.70608e+12 0.041196 0.000719522 0.95705 0.00103465
1.72187e+12 0.0437436 0.000873226 0.954122 0.00126089
1.7378e+12 0.0381557 0.000842867 0.959798 0.00120319
1.75388e+12 0.0328826 0.000632804 0.965593 0.000891916
1.77011e+12 0.0358765 0.000601843 0.962666 0.000855496
1.78649e+12 0.0372231 0.000652486 0.961194 0.000930213
1.80302e+12 0.0358716 0.000614634 0.96264 0.000873963
1.8197e+12 0.0377521 0.000636184 0.960701 0.000910932
1.83654e+12 0.039243 0.000741383 0.95895 0.00106513
1.85353e+12 0.0340691 0.00071039 0.964211 0.00100976
1.87068e+12 0.0291534 0.000531315 0.96957 0.00074543
1.88799e+12 0.0324235 0.00049434 0.966381 0.000701043
1.90546e+12 0.03605 0.000587141 0.962523 0.000840287
1.92309e+12 0.0344731 0.00059912 0.964075 0.00085318
1.94089e+12 0.0325853 0.000544248 0.966099 0.000771587
1.95884e+12 0.0337789 0.000556549 0.964872 0.000792626
1.97697e+12 0.0331419 0.000598878 0.965407 0.000852236
1.99526e+12 0.0283487 0.000521359 0.970397 0.000733429
2.01372e+12 0.0270808 0.0004135 0.971926 0.000579411
2.03236e+12 0.0316629 0.000447833 0.967251 0.000638498
2.05116e+12 0.0346464 0.000555533 0.964001 0.000797262
2.07014e+12 0.0317423 0.000568774 0.966879 0.000809808
2.0893e+12 0.0274187 0.00047311 0.971443 0.00066556
2.10863e+12 0.0275086 0.000413028 0.971498 0.00058082
2.12814e+12 0.029528 0.000442845 0.969402 0.000627209
2.14783e+12 0.0283903 0.000450824 0.970522 0.000636745
2.1677e+12 0.0262475 0.00039777 0.972796 0.000558341
2.18776e+12 0.0273047 0.00037468 0.971792 0.000528639
2.208e+12 0.0303129 0.000430722 0.968642 0.000614496
2.22844e+12 0.0303837 0.000493768 0.968418 0.000704579
2.24905e+12 0.0259747 0.000461983 0.972911 0.000652169
2.26986e+12 0.0221571 0.000357836 0.976987 0.000498433
2.29087e+12 0.0235104 0.000306801 0.975754 0.000428947
2.31206e+12 0.0274219 0.000352115 0.971726 0.000500076
2.33346e+12 0.0286673 0.000412905 0.970332 0.000588329
2.35505e+12 0.0261994 0.000410304 0.97281 0.000580522
2.37684e+12 0.0233305 0.00035358 0.97582 0.000495575
2.39883e+12 0.0232804 0.000314548 0.975965 0.000440489
2.42103e+12 0.02506 0.000331013 0.974142 0.000467009
2.44343e+12 0.0251222 0.000356899 0.974017 0.000504154
2.46604e+12 0.0228227 0.000337451 0.976366 0.000473482
2.48886e+12 0.0211101 0.000289123 0.978198 0.000402954
2.51189e+12 0.0221664 0.000268967 0.977188 0.000376638
2.53513e+12 0.024821 0.000301377 0.974451 0.000427139
2.55859e+12 0.0259194 0.000352269 0.973227 0.000501368
2.58226e+12 0.0236332 0.0003626 0.975491 0.000513067
2.60615e+12 0.0197403 0.000312089 0.979511 0.000436255
2.63027e+12 0.0179184 0.00024537 0.981497 0.000339488
2.65461e+12 0.0196378 0.000222047 0.979831 0.000309192
2.67917e+12 0.0228209 0.000254013 0.976566 0.000359192
2.70396e+12 0.0243412 0.000302329 0.974926 0.000429973
2.72898e+12 0.0228844 0.000319858 0.976343 0.000453027
2.75423e+12 0.0197741 0.000290738 0.979527 0.000407773
2.77971e+12 0.0176577 0.000240553 0.981768 0.000334031
2.80543e+12 0.0180617 0.000210879 0.981435 0.00029268
2.83139e+12 0.0200264 0.000219293 0.979447 0.000307323
2.85759e+12 0.0213197 0.000246301 0.978087 0.000347465
2.88403e+12 0.0207163 0.000260141 0.978657 0.000366579
2.91072e+12 0.0188555 0.000246895 0.980552 0.000345771
2.93765e+12 0.0173352 0.000217787 0.982144 0.000302929
2.96483e+12 0.0173165 0.000196121 0.982215 0.000272471
2.99226e+12 0.0186369 0.00019792 0.980888 0.000276876
3.01995e+12 0.0199357 0.000218737 0.979537 0.000308206
3.04789e+12 0.0198161 0.000237225 0.979612 0.000334581
3.0761e+12 0.0180989 0.000233999 0.981339 0.000328352
3.10456e+12 0.015953 0.000208151 0.983549 0.000289581
3.13329e+12 0.0148597 0.000176441 0.98472 0.000243686
3.16228e+12 0.0154866 0.000159054 0.984134 0.000219996
3.19154e+12 0.0173161 0.000165706 0.982287 0.000231694
3.22107e+12 0.0190446 0.00019037 0.980496 0.000268807
3.25087e+12 0.0194058 0.000215467 0.980074 0.000305063
3.28095e+12 0.0179869 0.000222973 0.981476 0.000314492
3.31131e+12 0.0155263 0.000206177 0.983979 0.000288373
3.34195e+12 0.01342 0.000173817 0.986166 0.00024054
3.37287e+12 0.0127932 0.000143531 0.986866 0.000197138
3.40408e+12 0.0138413 0.000130361 0.985849 0.000179681
3.43558e+12 0.0158265 0.000138703 0.983841 0.000193659
3.46737e+12 0.0175728 0.000161424 0.982038 0.000227802
3.49945e+12 0.0180916 0.000184656 0.981462 0.000261487
3.53183e+12 0.0170579 0.000195082 0.982471 0.000275524
3.56451e+12 0.014953 0.000186549 0.984599 0.000261651
3.59749e+12 0.0127913 0.000162875 0.98682 0.000226231
3.63078e+12 0.0115625 0.000135209 0.988116 0.000185993
3.66438e+12 0.011722 0.000115655 0.988004 0.00015851
3.69828e+12 0.013024 0.000111222 0.986711 0.000153506
3.7325e+12 0.0147287 0.000121344 0.98498 0.000169519
3.76704e+12 0.0159927 0.00013927 0.983672 0.000196235
3.80189e+12 0.0162303 0.000155681 0.983394 0.000219928
3.83707e+12 0.0153249 0.000162695 0.984283 0.000229313
3.87258e+12 0.0136462 0.000156919 0.985977 0.00021989
3.90841e+12 0.0118721 0.000140553 0.987792 0.000195344
3.94457e+12 0.0106818 0.000120058 0.989033 0.000165401
3.98107e+12 0.0104633 0.000103026 0.989293 0.000141149
4.01791e+12 0.0111782 9.48926e-05 0.988597 0.000130272
4.05509e+12 0.0124301 9.70708e-05 0.987338 0.000134464
4.09261e+12 0.0136642 0.00010704 0.986079 0.000149715
4.13048e+12 0.0143865 0.000119839 0.985325 0.000168605
4.16869e+12 0.0143212 0.000130052 0.985366 0.000183233
4.20727e+12 0.0134797 0.000133603 0.986199 0.00018782
4.2462e+12 0.0121382 0.000128969 0.987552 0.000180406
4.28549e+12 0.0107317 0.000117519 0.988988 0.000163253
4.32514e+12 0.00969605 0.000102859 0.990059 0.000141798
4.36516e+12 0.00931424 8.94034e-05 0.990474 0.000122507
4.40555e+12 0.00963047 8.07673e-05 0.990178 0.000110551
4.44631e+12 0.0104615 7.86704e-05 0.989352 0.000108242
4.48745e+12 0.0114844 8.26698e-05 0.988318 0.000114733
4.52898e+12 0.0123516 9.06261e-05 0.987431 0.000126749
4.57088e+12 0.0127897 9.95398e-05 0.986971 0.000139848
4.61318e+12 0.0126613 0.00010643 0.987083 0.000149703
4.65586e+12 0.0119885 0.000109076 0.987749 0.000153171
4.69894e+12 0.0109388 0.000106523 0.988806 0.000149003
4.74242e+12 0.00977594 9.92705e-05 0.989987 0.000138076
4.7863e+12 0.00878449 8.90615e-05 0.991003 0.000123046
4.83059e+12 0.00818878 7.83205e-05 0.991625 0.000107495
4.87528e+12 0.00809443 6.94225e-05 0.991741 9.48667e-05
4.9204e+12 0.00847082 6.40594e-05 0.991378 8.7546e-05
4.96592e+12 0.00917515 6.28979e-05 0.990676 8.63962e-05
5.01187e+12 0.010002 6.55752e-05 0.989842 9.07811e-05
5.05825e+12 0.0107374 7.09383e-05 0.989093 9.89374e-05
5.10505e+12 0.0112033 7.73898e-05 0.988611 0.000108492
5.15229e+12 0.0112877 8.3242e-05 0.988512 0.000116982
5.19996e+12 0.0109609 8.70347e-05 0.98883 0.000122314
5.24807e+12 0.0102784 8.77994e-05 0.989511 0.00012314
5.29663e+12 0.00936759 8.52339e-05 0.990428 0.000119099
5.34564e+12 0.00840059 7.97435e-05 0.991409 0.000110861
5.39511e+12 0.00755477 7.23202e-05 0.992273 9.99319e-05
5.44503e+12 0.00697377 6.42869e-05 0.992874 8.82685e-05
5.49541e+12 0.00673916 5.69839e-05 0.993126 7.782e-05
5.54626e+12 0.00685987 5.14901e-05 0.993019 7.01266e-05
5.59758e+12 0.00727948 4.84518e-05 0.992606 6.60789e-05
5.64937e+12 0.00789527 4.80325e-05 0.991991 6.58582e-05
5.70164e+12 0.00858129 4.99607e-05 0.9913 6.90162e-05
5.7544e+12 0.00920982 5.36314e-05 0.990662 7.46293e-05
5.80764e+12 0.00966904 5.8226e-05 0.990191 8.1479e-05
5.86138e+12 0.009877 6.28384e-05 0.989972 8.82365e-05
5.91562e+12 0.00979199 6.66022e-05 0.990048 9.36489e-05
5.97035e+12 0.00941835 6.88153e-05 0.990416 9.67184e-05
6.0256e+12 0.00880561 6.9045e-05 0.991028 9.68516e-05
6.08135e+12 0.00803981 6.71899e-05 0.991799 9.39431e-05
6.13762e+12 0.00722796 6.34818e-05 0.99262 8.83711e-05
6.19441e+12 0.00647884 5.84234e-05 0.993382 8.08998e-05
6.25173e+12 0.00588503 5.26808e-05 0.99399 7.25183e-05
6.30957e+12 0.00550988 4.69593e-05 0.994379 6.42585e-05
6.36796e+12 0.00538166 4.18931e-05 0.994519 5.70358e-05
6.42688e+12 0.00549439 3.79691e-05 0.994416 5.15409e-05
6.48634e+12 0.00581334 3.54885e-05 0.994103 4.81882e-05
6.54636e+12 0.00628274 3.45603e-05 0.993636 4.71099e-05
6.60693e+12 0.00683382 3.51152e-05 0.993083 4.81791e-05
6.66807e+12 0.0073925 3.69301e-05 0.99252 5.10482e-05
6.72977e+12 0.00788672 3.96603e-05 0.992018 5.51974e-05
6.79204e+12 0.00825363 4.28784e-05 0.991644 5.99931e-05
6.85488e+12 0.00844621 4.61216e-05 0.991443 6.47576e-05
6.91831e+12 0.00843861 4.89448e-05 0.991444 6.88467e-05
6.98232e+12 0.00822899 5.09734e-05 0.991648 7.17259e-05
7.04693e+12 0.0078391 5.19463e-05 0.992036 7.30314e-05
7.11214e+12 0.00731038 5.17418e-05 0.992565 7.2605e-05
7.17794e+12 0.00669741 5.03808e-05 0.993182 7.04968e-05
7.24436e+12 0.00605998 4.80093e-05 0.993825 6.6937e-05
7.31139e+12 0.00545551 4.48656e-05 0.994437 6.22856e-05
7.37904e+12 0.00493293 4.12402e-05 0.994969 5.69744e-05
7.44732e+12 0.00452889 3.74374e-05 0.995382 5.145e-05
7.51623e+12 0.00426609 3.37441e-05 0.995654 4.61291e-05
7.58578e+12 0.00415347 3.04079e-05 0.995775 4.13677e-05
7.65597e+12 0.00418744 2.76241e-05 0.995747 3.74428e-05
7.72681e+12 0.00435358 2.55293e-05 0.995586 3.45443e-05
7.7983e+12 0.00462861 2.41993e-05 0.995314 3.27723e-05
7.87046e+12 0.00498237 2.36489e-05 0.994962 3.21381e-05
7.94328e+12 0.00538016 2.3835e-05 0.994563 3.25688e-05
8.01678e+12 0.00578528 2.46615e-05 0.994156 3.39158e-05
8.09096e+12 0.00616195 2.59889e-05 0.993776 3.59688e-05
8.16582e+12 0.00647825 2.76473e-05 0.993456 3.84756e-05
8.24138e+12 0.00670872 2.94525e-05 0.993221 4.11654e-05
8.31764e+12 0.00683638 3.12231e-05 0.993089 4.37745e-05
8.3946e+12 0.00685364 3.27967e-05 0.993067 4.60691e-05
8.47227e+12 0.00676215 3.40429e-05 0.993156 4.78638e-05
8.55067e+12 0.00657166 3.48708e-05 0.993344 4.90317e-05
8.62979e+12 0.00629811 3.52312e-05 0.993617 4.95076e-05
8.70964e+12 0.0059614 3.51143e-05 0.993954 4.92833e-05
8.79023e+12 0.00558319 3.45431e-05 0.994334 4.83983e-05
8.87156e+12 0.00518503 3.3566e-05 0.994734 4.69273e-05
