1e+10 0.000263418 0.00223034 0.92015 0.0773566
1.00925e+10 6.96529e-06 0.00217053 0.921701 0.0761216
1.01859e+10 2.31152e-05 0.00212344 0.923025 0.0748286
1.02802e+10 1.08429e-05 0.00206585 0.92428 0.0736436
1.03753e+10 0.00029584 0.00202273 0.925295 0.0723861
1.04713e+10 0.000167333 0.00196473 0.92661 0.071258
1.05682e+10 0.000218592 0.00191836 0.927789 0.0700739
1.0666e+10 0.000135818 0.00187933 0.929129 0.0688559
1.07647e+10 0.000238422 0.00182829 0.93017 0.0677638
1.08643e+10 0.000231566 0.00178433 0.931344 0.0666396
1.09648e+10 3.17642e-05 0.00174026 0.932692 0.0655363
1.10662e+10 0.000203595 0.00169919 0.933651 0.0644466
1.11686e+10 0.000165711 0.00165769 0.934798 0.0633789
1.1272e+10 3.02405e-05 0.0016075 0.93596 0.0624023
1.13763e+10 1.4362e-05 0.00157179 0.937075 0.0613386
1.14815e+10 2.37849e-05 0.00152711 0.938077 0.0603717
1.15878e+10 0.000222773 0.00149756 0.938967 0.0593125
1.1695e+10 0.000270673 0.00145845 0.939922 0.0583489
1.18032e+10 2.21125e-05 0.00141759 0.941147 0.0574135
1.19124e+10 0.000254039 0.00138484 0.941912 0.0564494
1.20226e+10 0.000156098 0.00134891 0.942972 0.0555233
1.21339e+10 0.000154981 0.00130387 0.943844 0.0546976
1.22462e+10 8.49326e-05 0.0012692 0.94484 0.053806
1.23595e+10 0.000272362 0.00124273 0.94561 0.052875
1.24738e+10 0.000150409 0.0012038 0.946586 0.0520596
1.25893e+10 0.00024554 0.00117582 0.947399 0.0511794
1.27057e+10 7.06173e-06 0.00114179 0.948491 0.0503603
1.28233e+10 1.9669e-05 0.00111072 0.949326 0.049544
1.2942e+10 0.000217283 0.00108652 0.950002 0.0486939
1.30617e+10 0.000223002 0.00105576 0.950808 0.0479135
1.31826e+10 4.0321e-05 0.00102802 0.951811 0.0471202
1.33045e+10 0.00015839 0.001002 0.9525 0.0463398
1.34276e+10 1.10555e-06 0.000970369 0.95341 0.0456185
1.35519e+10 0.000133562 0.000948154 0.954077 0.0448414
1.36773e+10 2.4835e-06 0.00091796 0.954935 0.0441447
1.38038e+10 0.00019304 0.000896783 0.955515 0.0433951
1.39316e+10 4.91182e-05 0.000870022 0.956378 0.0427024
1.40605e+10 0.000276943 0.000845665 0.956861 0.0420166
1.41906e+10 0.000190222 0.000823709 0.95767 0.0413159
1.43219e+10 0.000236038 0.000794161 0.958264 0.0407054
1.44544e+10 0.000295031 0.000775126 0.958915 0.0400151
1.45881e+10 8.20289e-05 0.0007472 0.959756 0.0394147
1.47231e+10 0.000231845 0.000726984 0.960271 0.0387698
1.48594e+10 3.22536e-06 0.000706148 0.961156 0.0381343
1.49968e+10 0.000125559 0.000683479 0.961649 0.0375423
1.51356e+10 9.2277e-06 0.000666898 0.962424 0.0369
1.52757e+10 9.25119e-05 0.000643453 0.96292 0.0363443
1.5417e+10 3.18538e-06 0.00062719 0.963641 0.0357287
1.55597e+10 0.000163803 0.00060581 0.964046 0.0351847
1.57036e+10 4.01953e-05 0.000587402 0.964755 0.0346172
1.58489e+10 0.000270447 0.000573697 0.965128 0.0340279
1.59956e+10 0.000257869 0.000554942 0.965693 0.0334946
1.61436e+10 9.7255e-06 0.000537954 0.966502 0.0329499
1.6293e+10 5.92876e-07 0.000520449 0.967048 0.032431
1.64437e+10 0.000230651 0.000506898 0.96737 0.0318924
1.65959e+10 0.00012276 0.00049149 0.968011 0.0313748
1.67494e+10 0.000236288 0.000474068 0.968392 0.0308976
1.69044e+10 9.5032e-05 0.000460647 0.969061 0.0303834
1.70608e+10 0.000175884 0.000446112 0.969478 0.0298998
1.72187e+10 3.11189e-05 0.000427478 0.970076 0.029465
1.7378e+10 5.3108e-05 0.00041337 0.970534 0.0289994
1.75388e+10 9.10517e-05 0.000403926 0.97101 0.0284954
1.77011e+10 1.26656e-06 0.000387942 0.971541 0.0280698
1.78649e+10 6.91398e-05 0.000377428 0.971953 0.0276005
1.80302e+10 0.00010023 0.00036116 0.972334 0.027205
1.8197e+10 0.000107209 0.00034901 0.97277 0.0267742
1.83654e+10 4.3366e-05 0.000340184 0.973302 0.0263142
1.85353e+10 1.90393e-05 0.000325826 0.973726 0.0259289
1.87068e+10 1.21644e-05 0.000316376 0.974173 0.0254984
1.88799e+10 0.000212245 0.000304377 0.974369 0.0251144
1.90546e+10 0.000234991 0.000294609 0.974762 0.0247088
1.92309e+10 6.35018e-05 0.000281932 0.975313 0.0243416
1.94089e+10 0.000244425 0.000274371 0.975547 0.0239343
1.95884e+10 0.00024344 0.000263984 0.975928 0.0235648
1.97697e+10 7.42218e-06 0.000252967 0.976534 0.0232053
1.99526e+10 0.000152159 0.000243175 0.976752 0.0228527
2.01372e+10 5.55358e-05 0.00023386 0.977215 0.0224957
2.03236e+10 0.000191579 0.000228724 0.977478 0.0221021
2.05116e+10 6.66081e-05 0.000219474 0.977953 0.0217612
2.07014e+10 0.000216362 0.000211664 0.978152 0.0214196
2.0893e+10 3.16079e-05 0.000200101 0.978643 0.0211255
2.10863e+10 0.000116969 0.000192046 0.978888 0.0208031
2.12814e+10 7.53476e-07 0.00018537 0.97935 0.0204636
2.14783e+10 0.000266799 0.00017882 0.979411 0.0201437
2.1677e+10 0.00026123 0.000172667 0.979749 0.0198169
2.18776e+10 0.00022169 0.000163424 0.980074 0.0195407
2.208e+10 9.39764e-05 0.000158881 0.980544 0.0192027
2.22844e+10 1.5292e-05 0.00015118 0.980914 0.0189196
2.24905e+10 0.000158095 0.000146182 0.981083 0.0186126
2.26986e+10 0.000113212 0.000136734 0.981377 0.0183733
2.29087e+10 0.00024661 0.000131763 0.981541 0.0180811
2.31206e+10 0.000138166 0.00012498 0.981921 0.0178154
2.33346e+10 0.000106836 0.000122042 0.982271 0.0174997
2.35505e+10 2.39741e-06 0.000114606 0.982623 0.0172596
2.37684e+10 5.38305e-06 0.000109892 0.982897 0.0169874
2.39883e+10 0.000263879 0.000106087 0.982913 0.0167167
2.42103e+10 1.70054e-05 0.000100111 0.983413 0.0164699
2.44343e+10 5.77975e-06 9.50344e-05 0.983675 0.0162243
2.46604e+10 0.000188591 9.18869e-05 0.98376 0.0159596
2.48886e+10 6.24851e-05 8.4793e-05 0.984093 0.0157594
2.51189e+10 0.00020141 8.0865e-05 0.984197 0.0155206
2.53513e+10 9.60287e-05 7.63276e-05 0.984538 0.0152899
2.55859e+10 0.000111266 7.45266e-05 0.984795 0.0150188
2.58226e+10 2.73742e-05 6.86987e-05 0.985077 0.0148269
2.60615e+10 4.93354e-05 6.48738e-05 0.985278 0.0146077
2.63027e+10 3.09468e-05 6.26243e-05 0.985545 0.0143614
2.65461e+10 0.000251222 5.85571e-05 0.985522 0.0141686
2.67917e+10 0.000264506 5.64948e-05 0.985748 0.013931
2.70396e+10 0.000290075 5.3086e-05 0.985928 0.0137286
2.72898e+10 0.000132164 4.83485e-05 0.986266 0.0135539
2.75423e+10 0.000227632 4.72946e-05 0.986411 0.0133142
2.77971e+10 9.3736e-05 4.41876e-05 0.986746 0.0131162
2.80543e+10 0.000182813 4.17318e-05 0.986856 0.0129194
2.83139e+10 0.000240318 3.78688e-05 0.986959 0.0127624
2.85759e+10 0.000143539 3.64868e-05 0.987279 0.0125412
2.88403e+10 3.43256e-05 3.35587e-05 0.987567 0.0123647
2.91072e+10 0.000116567 3.17287e-05 0.987677 0.012175
2.93765e+10 0.000279306 2.90052e-05 0.987671 0.0120207
2.96483e+10 7.33377e-05 2.72626e-05 0.988076 0.0118237
2.99226e+10 1.23109e-06 2.46412e-05 0.988308 0.0116664
3.01995e+10 2.35974e-05 2.31065e-05 0.988466 0.0114873
3.04789e+10 0.000266421 2.19135e-05 0.988396 0.011316
3.0761e+10 5.57876e-06 1.9194e-05 0.988805 0.0111703
3.10456e+10 0.000143971 1.75815e-05 0.988819 0.0110194
3.13329e+10 0.000131198 1.60832e-05 0.988992 0.0108606
3.16228e+10 1.48179e-06 1.48953e-05 0.989297 0.0106867
3.19154e+10 0.000284627 1.42092e-05 0.989173 0.0105281
3.22107e+10 8.80585e-05 1.288e-05 0.989534 0.0103646
3.25087e+10 3.4023e-05 1.14995e-05 0.989734 0.0102209
3.28095e+10 0.000146355 1.07685e-05 0.989776 0.0100667
3.31131e+10 0.000254463 9.44154e-06 0.989786 0.0099497
3.34195e+10 8.77084e-05 8.65131e-06 0.99012 0.00978374
3.37287e+10 1.185e-06 7.35951e-06 0.99033 0.00966182
3.40408e+10 8.44603e-07 6.59859e-06 0.990468 0.00952411
3.43558e+10 0.000102408 6.31185e-06 0.99052 0.00937105
3.46737e+10 0.000239232 5.58743e-06 0.990491 0.00926432
3.49945e+10 0.000147749 5.15052e-06 0.99074 0.00910723
3.53183e+10 2.77816e-05 4.35794e-06 0.990982 0.00898622
3.56451e+10 5.2673e-05 3.97647e-06 0.991087 0.00885651
3.59749e+10 0.000244492 3.90727e-06 0.99102 0.00873169
3.63078e+10 8.06362e-05 3.17458e-06 0.99128 0.00863653
3.66438e+10 0.000265536 3.30993e-06 0.991235 0.00849609
3.69828e+10 0.000176127 2.97685e-06 0.991453 0.00836788
3.7325e+10 0.000202508 2.85584e-06 0.991543 0.00825197
3.76704e+10 0.000271855 2.87466e-06 0.991571 0.00815454
3.80189e+10 6.51725e-06 2.42952e-06 0.991946 0.00804516
3.83707e+10 0.000256282 2.84365e-06 0.991809 0.00793203
3.87258e+10 0.000205327 2.75307e-06 0.991985 0.00780692
3.90841e+10 0.000190004 2.82181e-06 0.992109 0.00769836
3.94457e+10 0.000268067 3.17052e-06 0.992126 0.00760262
3.98107e+10 8.59727e-05 3.27064e-06 0.992394 0.00751638
4.01791e+10 0.000189983 3.42011e-06 0.992418 0.00738825
4.05509e+10 2.19954e-06 3.57364e-06 0.992695 0.00729948
4.09261e+10 2.30605e-05 4.0826e-06 0.992763 0.00720953
4.13048e+10 5.64867e-06 4.40775e-06 0.992881 0.00710868
4.16869e+10 6.98668e-05 4.67143e-06 0.992928 0.00699703
4.20727e+10 0.000248064 5.67818e-06 0.992828 0.00691815
4.2462e+10 3.89794e-05 5.65481e-06 0.993142 0.00681372
4.28549e+10 4.2236e-05 6.59138e-06 0.993211 0.00674038
4.32514e+10 0.000105997 7.33348e-06 0.993234 0.00665255
4.36516e+10 5.76973e-05 7.87843e-06 0.993371 0.00656298
4.40555e+10 1.22353e-05 8.10358e-06 0.993518 0.0064614
4.44631e+10 0.000245907 9.13235e-06 0.993369 0.00637629
4.48745e+10 1.72785e-06 9.6513e-06 0.993692 0.00629674
4.52898e+10 0.00013292 1.09385e-05 0.993631 0.00622487
4.57088e+10 0.000205882 1.16859e-05 0.993644 0.00613841
4.61318e+10 0.000189629 1.25576e-05 0.993738 0.00605996
4.65586e+10 6.24022e-05 1.33382e-05 0.993941 0.00598342
4.69894e+10 6.21146e-05 1.35171e-05 0.994038 0.00588666
4.74242e+10 0.000186349 1.5302e-05 0.99397 0.00582855
4.7863e+10 0.000152791 1.54448e-05 0.994097 0.00573469
4.83059e+10 2.14648e-05 1.64564e-05 0.994296 0.00566614
4.87528e+10 5.67683e-06 1.75608e-05 0.99438 0.00559642
4.9204e+10 4.06763e-05 1.83781e-05 0.994422 0.00551942
4.96592e+10 0.000197055 1.95745e-05 0.994335 0.00544812
5.01187e+10 0.000117784 2.14522e-05 0.994463 0.00539742
5.05825e+10 0.000133389 2.15463e-05 0.994536 0.00530887
5.10505e+10 1.18945e-05 2.33164e-05 0.994708 0.00525725
5.15229e+10 0.000120167 2.48641e-05 0.994659 0.00519596
5.19996e+10 0.000151835 2.60119e-05 0.994692 0.00512966
5.24807e+10 9.33925e-05 2.71877e-05 0.994813 0.00506648
5.29663e+10 1.93539e-06 2.77875e-05 0.994975 0.00499494
5.34564e+10 0.000186192 2.86805e-05 0.994861 0.00492387
5.39511e+10 5.66678e-05 3.08554e-05 0.995032 0.00488028
5.44503e+10 0.000231246 3.15768e-05 0.994929 0.00480843
5.49541e+10 8.74927e-05 3.23194e-05 0.995136 0.0047439
5.54626e+10 2.09132e-05 3.3839e-05 0.995255 0.00469029
5.59758e+10 2.83086e-05 3.50979e-05 0.995304 0.00463218
5.64937e+10 0.000119948 3.62475e-05 0.995272 0.00457191
5.70164e+10 0.000226677 3.84601e-05 0.995208 0.00452668
5.7544e+10 1.31221e-05 3.98592e-05 0.995471 0.00447572
5.80764e+10 0.000236588 4.08548e-05 0.995309 0.00441361
5.86138e+10 1.96157e-05 4.1977e-05 0.995578 0.00436044
5.91562e+10 5.01322e-05 4.44728e-05 0.995584 0.00432141
5.97035e+10 0.000129387 4.61126e-05 0.995553 0.00427149
6.0256e+10 0.000120145 4.75473e-05 0.995611 0.00422091
6.08135e+10 3.3303e-05 4.87021e-05 0.995749 0.00416872
6.13762e+10 3.794e-05 4.90236e-05 0.995806 0.00410671
6.19441e+10 0.000244335 5.11655e-05 0.995641 0.0040636
6.25173e+10 3.23344e-06 5.27116e-05 0.995924 0.00401969
6.30957e+10 0.000249374 5.45852e-05 0.995722 0.00397419
6.36796e+10 0.000148369 5.47521e-05 0.995882 0.00391534
6.42688e+10 1.91077e-05 5.66926e-05 0.996048 0.00387601
6.48634e+10 6.58781e-07 5.86457e-05 0.996105 0.00383599
6.54636e+10 8.49244e-06 5.99473e-05 0.996142 0.00378973
6.60693e+10 9.81604e-05 6.09302e-05 0.996101 0.00374025
6.66807e+10 0.00025501 6.33603e-05 0.995977 0.00370466
6.72977e+10 5.50017e-05 6.58025e-05 0.996206 0.00367291
6.79204e+10 0.000197323 6.56716e-05 0.996122 0.00361466
6.85488e+10 2.34797e-05 6.87405e-05 0.996319 0.00358918
6.91831e+10 0.000260639 7.04965e-05 0.99612 0.00354851
6.98232e+10 0.000249898 7.06779e-05 0.996183 0.0034969
7.04693e+10 0.000162991 7.19057e-05 0.996309 0.00345582
7.11214e+10 0.000154616 7.35388e-05 0.996354 0.0034181
7.17794e+10 0.000230047 7.54677e-05 0.996312 0.00338267
7.24436e+10 0.000272976 7.84628e-05 0.996292 0.00335662
7.31139e+10 5.85092e-05 8.0608e-05 0.996535 0.00332593
7.37904e+10 0.000138026 8.00604e-05 0.99651 0.00327214
7.44732e+10 0.000152422 8.41941e-05 0.996507 0.00325618
7.51623e+10 0.000215784 8.34679e-05 0.996498 0.00320269
7.58578e+10 2.76013e-06 8.61405e-05 0.996733 0.00317775
7.65597e+10 0.000120381 8.93296e-05 0.996636 0.00315456
7.72681e+10 0.000244346 9.08997e-05 0.996545 0.00311968
7.7983e+10 0.000274031 9.2411e-05 0.996548 0.00308554
7.87046e+10 0.000232984 9.44364e-05 0.996617 0.00305601
7.94328e+10 9.62114e-05 9.62018e-05 0.996782 0.00302566
8.01678e+10 9.36871e-06 9.61182e-05 0.996912 0.00298266
8.09096e+10 0.000255272 9.73305e-05 0.9967 0.00294722
8.16582e+10 0.000107089 0.00010136 0.996858 0.00293358
8.24138e+10 0.000195835 0.000100354 0.996819 0.00288526
8.31764e+10 3.32124e-05 0.000104285 0.996991 0.00287149
8.3946e+10 0.000286471 0.000105852 0.996767 0.0028402
8.47227e+10 0.000235654 0.000105583 0.996859 0.00279941
8.55067e+10 9.51867e-05 0.000107189 0.997026 0.00277159
8.62979e+10 4.02761e-05 0.000109366 0.997103 0.00274723
8.70964e+10 4.79963e-05 0.000111065 0.997121 0.00271996
8.79023e+10 0.000127922 0.000112416 0.997069 0.00269061
8.87156e+10 0.000280622 0.000114826 0.996937 0.00266768
8.95365e+10 0.000246928 0.000118964 0.996978 0.00265612
9.03649e+10 3.58357e-06 0.000119534 0.997252 0.00262486
9.12011e+10 0.000271897 0.000120367 0.997015 0.00259322
9.2045e+10 2.67019e-05 0.000123838 0.99727 0.00257942
9.28966e+10 0.000286779 0.000124645 0.99704 0.00254852
9.37562e+10 5.49198e-05 0.000125323 0.9973 0.00251961
9.46237e+10 4.50779e-05 0.000129464 0.997316 0.00250912
9.54993e+10 0.000208949 0.000131609 0.997172 0.00248716
9.63829e+10 0.000285946 0.000132577 0.997122 0.00245958
9.72747e+10 0.000299725 0.000133947 0.997131 0.00243483
9.81748e+10 0.000298676 0.000136083 0.997151 0.00241453
9.90832e+10 0.000251687 0.000138857 0.997211 0.00239799
1e+11 9.99591e-05 0.000141051 0.99738 0.00237909
1.00925e+11 9.45182e-06 0.000140795 0.997502 0.00234784
1.01859e+11 0.000241979 0.000141928 0.997293 0.00232285
1.02802e+11 0.00014666 0.000146778 0.997389 0.00231784
1.03753e+11 0.000100104 0.000145447 0.997472 0.0022824
1.04713e+11 0.000152919 0.000150457 0.997419 0.00227791
1.05682e+11 0.000190583 0.000149382 0.997416 0.00224431
1.0666e+11 2.58882e-06 0.00015273 0.997612 0.00223301
1.07647e+11 0.000147284 0.000156003 0.997476 0.00222037
1.08643e+11 0.000247765 0.0001566 0.9974 0.00219561
1.09648e+11 0.000219253 0.000157279 0.997451 0.00217205
1.10662e+11 0.000176281 0.00015876 0.997512 0.00215255
1.11686e+11 0.000172716 0.000160628 0.997532 0.00213497
1.1272e+11 0.000213089 0.000162829 0.997505 0.002119
1.13763e+11 0.000259486 0.000165817 0.997468 0.00210672
1.14815e+11 0.000201044 0.000169402 0.997532 0.00209752
1.15878e+11 2.56686e-05 0.000170972 0.997723 0.00208004
1.1695e+11 9.5878e-05 0.000170431 0.997681 0.00205306
1.18032e+11 0.000246285 0.000174737 0.997532 0.00204688
1.19124e+11 3.85985e-06 0.000176162 0.99779 0.00202974
1.20226e+11 0.000245554 0.000177918 0.997564 0.0020129
1.21339e+11 6.02984e-06 0.000179936 0.997815 0.0019987
1.22462e+11 0.000193921 0.000183303 0.997634 0.00198909
1.23595e+11 0.000145766 0.000182863 0.997707 0.0019648
1.24738e+11 6.01332e-06 0.00018609 0.997852 0.00195585
1.25893e+11 7.06495e-05 0.000189592 0.997792 0.0019476
1.27057e+11 0.000162194 0.000191413 0.997714 0.00193276
1.28233e+11 0.000194736 0.000192762 0.997696 0.00191645
1.2942e+11 0.000197765 0.00019444 0.997706 0.00190173
1.30617e+11 0.000198048 0.000196581 0.997716 0.00188902
1.31826e+11 0.000189445 0.000199176 0.997733 0.00187825
1.33045e+11 0.000138825 0.000201951 0.997791 0.00186841
1.34276e+11 3.97813e-05 0.000203858 0.997901 0.00185557
1.35519e+11 1.9548e-05 0.000204175 0.997939 0.00183684
1.36773e+11 0.00017997 0.00020589 0.997791 0.00182316
1.38038e+11 0.000159052 0.000210664 0.997809 0.00182125
1.39316e+11 1.38474e-05 0.000210907 0.997972 0.00180321
1.40605e+11 0.000230971 0.000213543 0.997762 0.00179328
1.41906e+11 9.41916e-06 0.000216335 0.997989 0.00178497
1.43219e+11 0.000233767 0.000218112 0.997776 0.00177227
1.44544e+11 1.71607e-05 0.000219815 0.998003 0.00176041
1.45881e+11 0.000154769 0.00022434 0.997863 0.00175783
1.47231e+11 0.000195909 0.000223917 0.997842 0.00173841
1.48594e+11 2.67934e-05 0.000226444 0.998017 0.00172979
1.49968e+11 3.44238e-05 0.000230831 0.998007 0.00172729
1.51356e+11 0.000140325 0.000233517 0.997907 0.0017189
1.52757e+11 0.000198702 0.000235027 0.997859 0.00170679
1.5417e+11 0.000205807 0.00023661 0.997862 0.00169522
1.55597e+11 0.000199893 0.000238652 0.997876 0.00168535
1.57036e+11 0.000198793 0.000241144 0.997883 0.00167709
1.58489e+11 0.000193871 0.000244072 0.997892 0.00167039
1.59956e+11 0.000155535 0.000247247 0.997933 0.00166464
1.61436e+11 6.70806e-05 0.000249812 0.998026 0.00165712
1.6293e+11 6.92796e-06 0.000250747 0.998098 0.0016445
1.64437e+11 0.000109543 0.000251664 0.998007 0.00163174
1.65959e+11 0.000211412 0.000256036 0.997903 0.00162999
1.67494e+11 4.27953e-05 0.000259409 0.998072 0.00162561
1.69044e+11 0.000112029 0.000258893 0.99802 0.00160893
1.70608e+11 0.000191849 0.000264655 0.997932 0.00161172
1.72187e+11 3.40438e-05 0.000264597 0.998104 0.00159713
1.7378e+11 0.000236418 0.00026949 0.997897 0.00159719
1.75388e+11 5.26363e-05 0.000269435 0.998095 0.00158298
1.77011e+11 0.000177369 0.000275758 0.997959 0.00158755
1.78649e+11 0.000211825 0.000274306 0.997945 0.00156918
1.80302e+11 8.72995e-06 0.000279411 0.998141 0.00157071
1.8197e+11 0.000220465 0.000283987 0.997925 0.0015701
1.83654e+11 0.000284056 0.000283272 0.997878 0.00155437
1.85353e+11 9.69527e-05 0.000285166 0.998071 0.00154675
1.87068e+11 5.0782e-06 0.000290432 0.998156 0.00154878
1.88799e+11 7.10135e-05 0.000295364 0.998084 0.00154963
1.90546e+11 0.000173965 0.00029871 0.997981 0.00154596
1.92309e+11 0.000241109 0.000301247 0.997918 0.00154014
1.94089e+11 0.000267304 0.000303829 0.997894 0.00153461
1.95884e+11 0.000263864 0.000306822 0.997899 0.00153035
1.97697e+11 0.000230727 0.000310204 0.997932 0.00152728
1.99526e+11 0.000158481 0.000313558 0.998004 0.00152425
2.01372e+11 5.80494e-05 0.000316023 0.998107 0.0015189
2.03236e+11 4.29027e-06 0.000316942 0.998169 0.0015094
2.05116e+11 0.000102099 0.000317725 0.998081 0.00149949
2.07014e+11 0.000276655 0.000321909 0.997903 0.00149873
2.0893e+11 0.000217571 0.000328609 0.997949 0.00150498
2.10863e+11 1.29668e-05 0.000330178 0.998159 0.00149781
2.12814e+11 0.000189922 0.000330336 0.997993 0.00148659
2.14783e+11 0.000235493 0.000338103 0.997931 0.00149555
2.1677e+11 2.07141e-05 0.000338662 0.998155 0.00148605
2.18776e+11 0.000301618 0.000342237 0.997872 0.00148389
2.208e+11 2.86611e-05 0.00034721 0.998138 0.00148601
2.22844e+11 0.000301093 0.000348303 0.997873 0.00147763
2.24905e+11 2.54578e-05 0.000353944 0.998139 0.00148152
2.26986e+11 0.000332663 0.000356705 0.997833 0.0014775
2.29087e+11 4.86668e-05 0.000358611 0.998121 0.00147206
2.31206e+11 0.000224844 0.000366939 0.997926 0.00148224
2.33346e+11 0.000303449 0.00036517 0.997864 0.0014674
2.35505e+11 2.74192e-05 0.000370776 0.99813 0.00147133
2.37684e+11 0.000207031 0.000378866 0.997933 0.00148088
2.39883e+11 0.000397261 0.000378963 0.997753 0.00147083
2.42103e+11 0.000219903 0.000379735 0.997937 0.00146294
2.44343e+11 3.37858e-05 0.000386491 0.99811 0.00146965
2.46604e+11 8.40979e-05 0.000394605 0.998042 0.00147935
2.48886e+11 0.00025844 0.000400017 0.997859 0.0014824
2.51189e+11 0.000395961 0.000402999 0.997721 0.00147971
2.53513e+11 0.000450916 0.000405382 0.997668 0.00147576
2.55859e+11 0.000453634 0.000408323 0.997665 0.00147325
2.58226e+11 0.000444008 0.000412108 0.997671 0.0014728
2.60615e+11 0.000444786 0.000416686 0.997664 0.00147424
2.63027e+11 0.000459353 0.000422053 0.997641 0.00147752
2.65461e+11 0.000472111 0.000428318 0.997617 0.00148288
2.67917e+11 0.000447846 0.000435423 0.997627 0.0014902
2.70396e+11 0.000345801 0.000442584 0.997714 0.00149769
2.72898e+11 0.000170985 0.000447989 0.99788 0.00150122
2.75423e+11 3.95778e-05 0.000450103 0.998013 0.00149728
2.77971e+11 0.000125096 0.00045094 0.997934 0.00149034
2.80543e+11 0.000381172 0.000456515 0.997668 0.00149397
2.83139e+11 0.000414086 0.000467956 0.997607 0.00151091
2.85759e+11 0.000115722 0.000474766 0.997892 0.00151774
2.88403e+11 0.00011626 0.00047394 0.997902 0.00150742
2.91072e+11 0.000420739 0.000481879 0.997581 0.00151625
2.93765e+11 0.000181826 0.000493197 0.997792 0.00153293
2.96483e+11 0.0001253 0.000492245 0.99786 0.00152259
2.99226e+11 0.000396139 0.000502717 0.997564 0.00153691
3.01995e+11 5.57181e-05 0.000509549 0.997891 0.0015438
3.04789e+11 0.000345994 0.000512506 0.9976 0.00154181
3.0761e+11 0.000118515 0.0005248 0.997796 0.00156032
3.10456e+11 0.00029046 0.000525618 0.99763 0.00155391
3.13329e+11 0.000123035 0.000538865 0.997764 0.00157427
3.16228e+11 0.00031103 0.000540674 0.997578 0.00157006
3.19154e+11 6.89496e-05 0.000552237 0.997792 0.00158679
3.22107e+11 0.000345797 0.000558432 0.997504 0.00159177
3.25087e+11 8.7457e-05 0.000564217 0.997752 0.00159634
3.28095e+11 0.000212992 0.000577707 0.997593 0.00161662
3.31131e+11 0.000301169 0.000580239 0.997504 0.00161415
3.34195e+11 5.70377e-05 0.000590389 0.997725 0.00162771
3.37287e+11 0.000212233 0.000603569 0.997537 0.00164711
3.40408e+11 0.000339122 0.000607696 0.997405 0.00164795
3.43558e+11 0.00012655 0.000615185 0.997602 0.00165594
3.46737e+11 6.08972e-05 0.000630046 0.99763 0.00167873
3.49945e+11 0.000262706 0.00064172 0.997401 0.00169478
3.53183e+11 0.000375153 0.000647546 0.997278 0.00169908
3.56451e+11 0.000254113 0.000654468 0.997386 0.00170577
3.59749e+11 8.13097e-05 0.000666719 0.997529 0.00172313
3.63078e+11 3.5865e-05 0.000682179 0.997535 0.00174669
3.66438e+11 0.000127405 0.000697081 0.997407 0.00176894
3.69828e+11 0.000268313 0.000709796 0.997235 0.00178674
3.7325e+11 0.000382964 0.000720891 0.997095 0.0018013
3.76704e+11 0.000446309 0.000731651 0.997007 0.00181521
3.80189e+11 0.000469043 0.000743049 0.996958 0.00183036
3.83707e+11 0.000472817 0.000755528 0.996924 0.00184757
3.87258e+11 0.00047567 0.00076919 0.996888 0.00186702
3.90841e+11 0.000487607 0.00078405 0.99684 0.0018887
3.94457e+11 0.000510251 0.000800185 0.996777 0.00191273
3.98107e+11 0.000536275 0.000817763 0.996707 0.00193942
4.01791e+11 0.000548013 0.000836923 0.996646 0.00196901
4.05509e+11 0.000518896 0.000857487 0.996622 0.00200117
4.09261e+11 0.000425063 0.000878569 0.996662 0.00203421
4.13048e+11 0.000272595 0.000898461 0.996764 0.00206489
4.16869e+11 0.000128855 0.000915458 0.996866 0.00209002
4.20727e+11 0.000114275 0.000929994 0.996845 0.00211038
4.2462e+11 0.000303302 0.0009465 0.996616 0.00213422
4.28549e+11 0.0005763 0.000971144 0.99628 0.00217302
4.32514e+11 0.000638487 0.00100396 0.996131 0.00222691
4.36516e+11 0.000376682 0.00103428 0.996313 0.00227617
4.40555e+11 0.00017118 0.00105324 0.996471 0.00230431
4.44631e+11 0.000418849 0.00107227 0.996177 0.00233219
4.48745e+11 0.000713616 0.0011087 0.995786 0.00239166
4.52898e+11 0.000464491 0.0011488 0.995929 0.00245792
4.57088e+11 0.000259681 0.00117114 0.996077 0.0024917
4.61318e+11 0.000650819 0.00120043 0.995611 0.00253749
4.65586e+11 0.000654403 0.00125042 0.995475 0.00262059
4.69894e+11 0.000327098 0.00128267 0.995718 0.00267178
4.74242e+11 0.000700143 0.00131617 0.995259 0.00272448
4.7863e+11 0.000656244 0.00137349 0.995151 0.00281968
4.83059e+11 0.000453068 0.0014087 0.995263 0.0028754
4.87528e+11 0.000844652 0.00146003 0.994736 0.0029589
4.9204e+11 0.000547973 0.00151848 0.994878 0.00305517
4.96592e+11 0.000778496 0.00156353 0.994531 0.0031271
5.01187e+11 0.000758627 0.00163599 0.994358 0.0032469
5.05825e+11 0.000747694 0.00168908 0.994231 0.00333244
5.10505e+11 0.000904808 0.00176814 0.993864 0.00346258
5.15229e+11 0.0008201 0.00183549 0.993772 0.00357218
5.19996e+11 0.00100433 0.00192283 0.993357 0.00371557
5.24807e+11 0.000962869 0.00200594 0.99318 0.00385134
5.29663e+11 0.00110605 0.00210591 0.992773 0.00401527
5.34564e+11 0.00114952 0.00220803 0.99246 0.00418237
5.39511e+11 0.00126122 0.0023238 0.992043 0.00437192
5.44503e+11 0.00134504 0.00245195 0.991621 0.00458177
5.49541e+11 0.00154541 0.0025882 0.991062 0.00480445
5.54626e+11 0.00154067 0.00274679 0.990649 0.00506394
5.59758e+11 0.00193396 0.00292217 0.989793 0.00535044
5.64937e+11 0.0019739 0.00310504 0.989273 0.00564849
5.70164e+11 0.00217604 0.00334591 0.988436 0.00604205
5.7544e+11 0.00286847 0.00357897 0.987132 0.00642066
5.80764e+11 0.00273011 0.00385906 0.986535 0.00687632
5.86138e+11 0.00337525 0.0042292 0.984917 0.00747818
5.91562e+11 0.00455838 0.00457958 0.982817 0.00804454
5.97035e+11 0.00455981 0.00501859 0.981667 0.00875504
6.0256e+11 0.00555067 0.00564 0.97905 0.00975948
6.08135e+11 0.00822228 0.00627886 0.974713 0.010786
6.13762e+11 0.00991107 0.00698539 0.971184 0.0119191
6.19441e+11 0.0114669 0.00805129 0.966854 0.0136279
6.25173e+11 0.0165674 0.00946104 0.958095 0.0158763
6.30957e+11 0.0251976 0.0109579 0.945598 0.0182468
6.36796e+11 0.0346947 0.0126175 0.931825 0.0208632
6.42688e+11 0.0456619 0.0148805 0.915035 0.0244225
6.48634e+11 0.0624119 0.0180023 0.890279 0.0293067
6.54636e+11 0.0881411 0.0217166 0.855079 0.0350636
6.60693e+11 0.12181 0.025433 0.812015 0.0407421
6.66807e+11 0.159162 0.0285899 0.766791 0.045457
6.72977e+11 0.194968 0.0307791 0.725674 0.0485793
6.79204e+11 0.223933 0.031655 0.694823 0.049589
6.85488e+11 0.240649 0.0308624 0.680523 0.047965
6.91831e+11 0.240252 0.0281339 0.688271 0.0433428
6.98232e+11 0.220475 0.0235156 0.720147 0.0358623
7.04693e+11 0.184153 0.01756 0.771838 0.0264496
7.11214e+11 0.140317 0.0113224 0.831577 0.0167835
7.17794e+11 0.102327 0.00609472 0.882724 0.00885388
7.24436e+11 0.0828373 0.00295534 0.909951 0.00425659
7.31139e+11 0.0874717 0.00233773 0.906644 0.00354667
7.37904e+11 0.11074 0.00381984 0.879478 0.00596202
7.44732e+11 0.137657 0.00621734 0.846502 0.00962376
7.51623e+11 0.151497 0.00798279 0.828337 0.0121838
7.58578e+11 0.143419 0.00792177 0.836749 0.0119104
7.65597e+11 0.117532 0.00599859 0.867605 0.0088642
7.72681e+11 0.0883618 0.00346903 0.903142 0.00502735
7.7983e+11 0.0726323 0.00185874 0.922812 0.0026966
7.87046e+11 0.0787445 0.00180881 0.916702 0.00274469
7.94328e+11 0.0994258 0.0029852 0.89302 0.0045692
8.01678e+11 0.115998 0.00438292 0.872991 0.00662835
8.09096e+11 0.113355 0.00467294 0.875009 0.00696267
8.16582e+11 0.0918871 0.00349114 0.899522 0.00510015
8.24138e+11 0.0683044 0.00198799 0.926874 0.00283324
8.31764e+11 0.0631167 0.00136167 0.933561 0.00196098
8.3946e+11 0.0788119 0.00187228 0.916498 0.00281786
8.47227e+11 0.0955757 0.00275429 0.897496 0.00417443
8.55067e+11 0.0947648 0.00299255 0.897782 0.00446042
8.62979e+11 0.0790919 0.00258492 0.91458 0.00374324
8.70964e+11 0.0646042 0.00189708 0.930809 0.00268992
8.79023e+11 0.0595078 0.00126532 0.93741 0.00181666
8.87156e+11 0.0647112 0.00122652 0.932238 0.0018246
8.95365e+11 0.0781147 0.00190834 0.917132 0.00284538
9.03649e+11 0.0844461 0.00241163 0.909582 0.00356024
9.12011e+11 0.0712795 0.00202651 0.923765 0.00292896
9.2045e+11 0.055188 0.00137181 0.941518 0.00192266
9.28966e+11 0.0536754 0.00106327 0.943748 0.00151346
9.37562e+11 0.0603556 0.00107526 0.93698 0.00158899
9.46237e+11 0.0694499 0.0015476 0.926718 0.00228472
9.54993e+11 0.0727717 0.00186382 0.922645 0.0027194
9.63829e+11 0.0600438 0.00151773 0.936273 0.00216515
9.72747e+11 0.0487508 0.00105515 0.948727 0.00146727
9.81748e+11 0.0495375 0.000856088 0.948386 0.00122083
9.90832e+11 0.0560931 0.000975205 0.941505 0.0014262
1e+12 0.0650529 0.00139093 0.931521 0.00203475
1.00925e+12 0.0613533 0.00141951 0.935181 0.00204637
1.01859e+12 0.049884 0.00111952 0.94743 0.00156626
1.02802e+12 0.0441547 0.000829693 0.95386 0.00115541
1.03753e+12 0.0459815 0.000711937 0.952295 0.00101174
1.04713e+12 0.0553618 0.000972828 0.942247 0.00141814
1.05682e+12 0.0571183 0.00114256 0.940086 0.00165327
1.0666e+12 0.0516479 0.00110884 0.945676 0.00156708
1.07647e+12 0.0432147 0.000861565 0.954727 0.00119685
1.08643e+12 0.0401119 0.000641901 0.958356 0.000889968
1.09648e+12 0.0451501 0.00066191 0.953242 0.000946072
1.10662e+12 0.0508758 0.00088433 0.946964 0.00127625
1.11686e+12 0.0511983 0.000984219 0.946413 0.00140476
1.1272e+12 0.0435377 0.000841105 0.954449 0.00117194
1.13763e+12 0.0374836 0.000658564 0.960952 0.000905324
1.14815e+12 0.0382449 0.000545799 0.960449 0.00075999
1.15878e+12 0.0435525 0.000625863 0.954929 0.000892876
1.1695e+12 0.0468242 0.000791332 0.951253 0.00113158
1.18032e+12 0.0442399 0.000814388 0.9538 0.00114588
1.19124e+12 0.037586 0.00064676 0.960878 0.000889497
1.20226e+12 0.0338733 0.000520651 0.964895 0.000711071
1.21339e+12 0.0367269 0.000495398 0.962084 0.000694083
1.22462e+12 0.0412809 0.000586049 0.957302 0.000831289
1.23595e+12 0.0421874 0.000672761 0.95619 0.000950035
1.24738e+12 0.0387459 0.000678846 0.959629 0.00094585
1.25893e+12 0.032335 0.000509943 0.966462 0.000693324
1.27057e+12 0.0324144 0.000434636 0.966558 0.000593409
1.28233e+12 0.0343277 0.000433812 0.964634 0.000604209
1.2942e+12 0.0387751 0.000549691 0.959897 0.000778433
1.30617e+12 0.0378217 0.000592574 0.960758 0.000827844
1.31826e+12 0.0334644 0.000509922 0.965326 0.000699235
1.33045e+12 0.0302624 0.000450368 0.968676 0.000610974
1.34276e+12 0.0289458 0.000360115 0.970204 0.000490404
1.35519e+12 0.0336721 0.000418548 0.965324 0.000585042
1.36773e+12 0.0348342 0.000464556 0.964054 0.000647594
1.38038e+12 0.0339878 0.000482422 0.964861 0.000669067
1.39316e+12 0.0307121 0.00047327 0.968167 0.000647538
1.40605e+12 0.0261412 0.000347672 0.973045 0.000466205
1.41906e+12 0.0288288 0.000335284 0.970377 0.000458406
1.43219e+12 0.030173 0.000354822 0.968984 0.000488266
1.44544e+12 0.0318565 0.000394795 0.9672 0.000548758
1.45881e+12 0.0317684 0.00045037 0.967158 0.000623651
1.47231e+12 0.0263908 0.000378593 0.97272 0.000510626
1.48594e+12 0.0253777 0.000299535 0.973921 0.000402184
1.49968e+12 0.0265052 0.000303548 0.97278 0.00041084
1.51356e+12 0.0270211 0.00029569 0.97228 0.000403742
1.52757e+12 0.0299103 0.000354916 0.969242 0.000493143
1.5417e+12 0.0288019 0.000392694 0.970266 0.000539791
1.55597e+12 0.0239965 0.000313214 0.975271 0.000419301
1.57036e+12 0.0241307 0.000271381 0.975234 0.000364005
1.58489e+12 0.0241526 0.000269541 0.975216 0.000361948
1.59956e+12 0.0243377 0.000251617 0.97507 0.000340533
1.61436e+12 0.0273883 0.000301579 0.971893 0.000416976
1.6293e+12 0.0268763 0.000342431 0.972312 0.000469623
1.64437e+12 0.022383 0.00028235 0.976958 0.000377102
1.65959e+12 0.0219983 0.000235392 0.977453 0.000313699
1.67494e+12 0.0228009 0.000243619 0.976629 0.00032672
1.69044e+12 0.0219305 0.000223245 0.977548 0.00029843
1.70608e+12 0.0238966 0.000236707 0.975544 0.000322918
1.72187e+12 0.0255266 0.000288817 0.973788 0.000396872
1.7378e+12 0.0222801 0.000279093 0.977065 0.000375702
1.75388e+12 0.0191694 0.000211049 0.980342 0.000277854
1.77011e+12 0.0207877 0.000200799 0.978743 0.000268135
1.78649e+12 0.021385 0.000214727 0.978112 0.00028785
1.80302e+12 0.0206136 0.000200567 0.978918 0.000267796
1.8197e+12 0.0219168 0.000209634 0.97759 0.000283923
1.83654e+12 0.0228676 0.000245868 0.976552 0.000334903
1.85353e+12 0.0198029 0.000235506 0.979647 0.000314593
1.87068e+12 0.0168724 0.000176383 0.982721 0.000230183
1.88799e+12 0.0187107 0.000163807 0.980908 0.000217811
1.90546e+12 0.0207244 0.000192605 0.978823 0.000260046
1.92309e+12 0.0198041 0.000195088 0.97974 0.000261095
1.94089e+12 0.0188582 0.000178452 0.980726 0.000237309
1.95884e+12 0.0196465 0.000184801 0.979921 0.000247958
1.97697e+12 0.0192104 0.000199057 0.980324 0.000266486
1.99526e+12 0.0163077 0.00017247 0.983294 0.000226027
2.01372e+12 0.0155334 0.000136176 0.984153 0.000177211
2.03236e+12 0.0182189 0.000147124 0.981436 0.000197534
2.05116e+12 0.0199543 0.000181777 0.979617 0.000246809
2.07014e+12 0.0182985 0.00018572 0.981267 0.000248598
2.0893e+12 0.0158617 0.000155375 0.983779 0.000203711
2.10863e+12 0.0159306 0.000137028 0.983753 0.000179686
2.12814e+12 0.017018 0.000146838 0.98264 0.000194842
2.14783e+12 0.0162445 0.000148202 0.983412 0.000195473
2.1677e+12 0.0149832 0.000129822 0.984718 0.000169326
2.18776e+12 0.0156821 0.000122569 0.984034 0.000161568
2.208e+12 0.017497 0.000141685 0.982171 0.000190585
2.22844e+12 0.0175392 0.000162489 0.98208 0.000218522
2.24905e+12 0.0149569 0.000151888 0.984691 0.000200298
2.26986e+12 0.0127241 0.000117756 0.987007 0.000151614
2.29087e+12 0.0134921 0.000101085 0.986276 0.000131076
2.31206e+12 0.0157254 0.000115585 0.984005 0.000154065
2.33346e+12 0.0164129 0.000134732 0.983272 0.000180529
2.35505e+12 0.015002 0.000133469 0.984688 0.000176587
2.37684e+12 0.0134079 0.000115426 0.986326 0.00015026
2.39883e+12 0.0134233 0.000103591 0.986338 0.000134791
2.42103e+12 0.0144298 0.00010941 0.985317 0.000144245
2.44343e+12 0.0143957 0.000117515 0.985332 0.000155129
2.46604e+12 0.0130095 0.000110439 0.986736 0.000143941
2.48886e+12 0.0120241 9.42538e-05 0.98776 0.00012138
2.51189e+12 0.0126853 8.78561e-05 0.987113 0.000114234
2.53513e+12 0.0142594 9.88152e-05 0.98551 0.000131347
2.55859e+12 0.0148973 0.000115557 0.984832 0.000154684
2.58226e+12 0.0135596 0.000118813 0.986164 0.000157318
2.60615e+12 0.0112958 0.000102209 0.98847 0.00013238
2.63027e+12 0.0102376 8.04315e-05 0.98958 0.000102286
2.65461e+12 0.0112267 7.28456e-05 0.988607 9.37629e-05
2.67917e+12 0.0130517 8.31537e-05 0.986755 0.000110007
2.70396e+12 0.0139135 9.86099e-05 0.985856 0.000131733
2.72898e+12 0.0130748 0.000104064 0.986683 0.000137955
2.75423e+12 0.0113064 9.46124e-05 0.988476 0.000123243
2.77971e+12 0.0101156 7.85873e-05 0.989705 0.000100595
2.80543e+12 0.0103567 6.92713e-05 0.989485 8.86589e-05
2.83139e+12 0.0114673 7.21209e-05 0.988367 9.39194e-05
2.85759e+12 0.0121726 8.07038e-05 0.98764 0.000106275
2.88403e+12 0.0117926 8.48226e-05 0.988011 0.000111409
2.91072e+12 0.0107189 8.02234e-05 0.989097 0.00010418
2.93765e+12 0.00987237 7.07584e-05 0.989966 9.07921e-05
2.96483e+12 0.00989848 6.39713e-05 0.989956 8.19842e-05
2.99226e+12 0.0106779 6.48585e-05 0.989173 8.42143e-05
3.01995e+12 0.0114179 7.17744e-05 0.988416 9.43805e-05
3.04789e+12 0.011323 7.77164e-05 0.988497 0.000102314
3.0761e+12 0.0103076 7.64575e-05 0.989516 9.96888e-05
3.10456e+12 0.00906001 6.78436e-05 0.990785 8.70708e-05
3.13329e+12 0.00843777 5.7442e-05 0.991432 7.2766e-05
3.16228e+12 0.00881675 5.18355e-05 0.991066 6.58872e-05
3.19154e+12 0.00988488 5.41055e-05 0.989991 7.01716e-05
3.22107e+12 0.0108839 6.21947e-05 0.988972 8.20887e-05
3.25087e+12 0.0110868 7.03481e-05 0.98875 9.326e-05
3.28095e+12 0.0102626 7.27307e-05 0.989569 9.5728e-05
3.31131e+12 0.00884152 6.72104e-05 0.991004 8.71147e-05
3.34195e+12 0.00762897 5.6662e-05 0.992242 7.20391e-05
3.37287e+12 0.00727069 4.68253e-05 0.992624 5.87421e-05
3.40408e+12 0.00787525 4.25665e-05 0.992028 5.3773e-05
3.43558e+12 0.00901509 4.52768e-05 0.990881 5.85592e-05
3.46737e+12 0.0100143 5.26168e-05 0.989864 6.93541e-05
3.49945e+12 0.0103085 6.00937e-05 0.989552 7.96716e-05
3.53183e+12 0.00971502 6.34203e-05 0.990138 8.36612e-05
3.56451e+12 0.00851114 6.06329e-05 0.991349 7.89775e-05
3.59749e+12 0.00727704 5.29788e-05 0.992602 6.78028e-05
3.63078e+12 0.00657706 4.40588e-05 0.993323 5.54167e-05
3.66438e+12 0.00666943 3.77682e-05 0.993246 4.72121e-05
3.69828e+12 0.00741169 3.63513e-05 0.992506 4.60403e-05
3.7325e+12 0.00838044 3.96065e-05 0.991529 5.12698e-05
3.76704e+12 0.00909558 4.53489e-05 0.990799 5.95936e-05
3.80189e+12 0.00922578 5.05833e-05 0.990657 6.67592e-05
3.83707e+12 0.00870726 5.27897e-05 0.991171 6.93693e-05
3.87258e+12 0.00775194 5.08955e-05 0.992131 6.61738e-05
3.90841e+12 0.00674537 4.56188e-05 0.993151 5.8438e-05
3.94457e+12 0.00607247 3.90377e-05 0.993839 4.92273e-05
3.98107e+12 0.00595193 3.35853e-05 0.993973 4.19447e-05
4.01791e+12 0.00636002 3.09961e-05 0.99357 3.88746e-05
4.05509e+12 0.00706992 3.17096e-05 0.992858 4.04273e-05
4.09261e+12 0.00776631 3.49048e-05 0.992154 4.52739e-05
4.13048e+12 0.00816998 3.89856e-05 0.99174 5.10859e-05
4.16869e+12 0.00812667 4.22199e-05 0.991776 5.54477e-05
4.20727e+12 0.00764501 4.33125e-05 0.992255 5.66436e-05
4.2462e+12 0.00688281 4.17873e-05 0.993021 5.41538e-05
4.28549e+12 0.00608691 3.80923e-05 0.993826 4.8749e-05
4.32514e+12 0.00550351 3.33865e-05 0.994421 4.21427e-05
4.36516e+12 0.00529154 2.90822e-05 0.994643 3.63224e-05
4.40555e+12 0.00547446 2.63323e-05 0.994466 3.28375e-05
4.44631e+12 0.00594695 2.5679e-05 0.993995 3.23381e-05
4.48745e+12 0.00652523 2.69714e-05 0.993413 3.45012e-05
4.52898e+12 0.00701257 2.95175e-05 0.99292 3.82776e-05
4.57088e+12 0.00725518 3.23548e-05 0.99267 4.2287e-05
4.61318e+12 0.00717685 3.45323e-05 0.992743 4.5215e-05
4.65586e+12 0.00679154 3.53454e-05 0.993127 4.61322e-05
4.69894e+12 0.00619498 3.44958e-05 0.993726 4.4701e-05
4.74242e+12 0.00553673 3.21487e-05 0.99439 4.12333e-05
4.7863e+12 0.00497746 2.88651e-05 0.994957 3.65742e-05
4.83059e+12 0.00464346 2.54216e-05 0.995299 3.18335e-05
4.87528e+12 0.00459353 2.25769e-05 0.995356 2.80569e-05
4.9204e+12 0.00480937 2.08694e-05 0.995144 2.59503e-05
4.96592e+12 0.00520932 2.05078e-05 0.994744 2.57449e-05
5.01187e+12 0.0056767 2.13717e-05 0.994275 2.72132e-05
5.05825e+12 0.00609051 2.30884e-05 0.993857 2.97907e-05
5.10505e+12 0.0063506 2.51455e-05 0.993592 3.27388e-05
5.15229e+12 0.00639444 2.70038e-05 0.993543 3.53046e-05
5.19996e+12 0.00620606 2.81988e-05 0.993729 3.68599e-05
5.24807e+12 0.00581732 2.84235e-05 0.994117 3.70125e-05
5.29663e+12 0.00530074 2.75838e-05 0.994636 3.56752e-05
5.34564e+12 0.00475359 2.58112e-05 0.995188 3.30744e-05
5.39511e+12 0.00427602 2.3424e-05 0.995671 2.96864e-05
5.44503e+12 0.00394899 2.08459e-05 0.996004 2.61179e-05
5.49541e+12 0.00381824 1.85055e-05 0.99614 2.29639e-05
5.54626e+12 0.00388837 1.67473e-05 0.996074 2.06862e-05
5.59758e+12 0.00412706 1.57767e-05 0.995838 1.9543e-05
5.64937e+12 0.0044759 1.56445e-05 0.995489 1.95732e-05
5.70164e+12 0.00486354 1.62622e-05 0.9951 2.06248e-05
5.7544e+12 0.00521783 1.74352e-05 0.994742 2.24036e-05
5.80764e+12 0.00547582 1.89013e-05 0.994481 2.45301e-05
5.86138e+12 0.00559148 2.0371e-05 0.994362 2.65964e-05
5.91562e+12 0.00554152 2.15677e-05 0.994409 2.82225e-05
5.97035e+12 0.00532862 2.22676e-05 0.99462 2.91107e-05
6.0256e+12 0.00498087 2.23327e-05 0.994968 2.90891e-05
6.08135e+12 0.00454698 2.17308e-05 0.995403 2.81364e-05
6.13762e+12 0.00408744 2.05363e-05 0.995866 2.63782e-05
6.19441e+12 0.00366375 1.891e-05 0.996293 2.40563e-05
6.25173e+12 0.00332821 1.70654e-05 0.996633 2.14783e-05
6.30957e+12 0.00311659 1.52283e-05 0.996849 1.8961e-05
6.36796e+12 0.00304476 1.36019e-05 0.996925 1.67827e-05
6.42688e+12 0.0031092 1.2342e-05 0.996863 1.51501e-05
6.48634e+12 0.00329015 1.15448e-05 0.996684 1.41836e-05
6.54636e+12 0.00355596 1.12449e-05 0.996419 1.39168e-05
6.60693e+12 0.0038677 1.14201e-05 0.996107 1.43042e-05
6.66807e+12 0.00418349 1.19987e-05 0.995789 1.52337e-05
6.72977e+12 0.00446265 1.28703e-05 0.995508 1.65418e-05
6.79204e+12 0.00466968 1.38983e-05 0.995298 1.80321e-05
6.85488e+12 0.00477804 1.49345e-05 0.995188 1.94964e-05
6.91831e+12 0.00477315 1.58365e-05 0.99519 2.07387e-05
6.98232e+12 0.00465396 1.64842e-05 0.995308 2.15977e-05
7.04693e+12 0.00443277 1.67937e-05 0.995528 2.1966e-05
7.11214e+12 0.00413304 1.67258e-05 0.995828 2.17996e-05
7.17794e+12 0.00378566 1.62869e-05 0.996177 2.11182e-05
7.24436e+12 0.0034245 1.55238e-05 0.99654 1.99965e-05
7.31139e+12 0.0030821 1.45128e-05 0.996885 1.8548e-05
7.37904e+12 0.00278619 1.3347e-05 0.997184 1.69074e-05
7.44732e+12 0.0025575 1.21242e-05 0.997415 1.52124e-05
7.51623e+12 0.0024089 1.09364e-05 0.997567 1.35906e-05
7.58578e+12 0.0023454 9.86327e-06 0.997633 1.21503e-05
7.65597e+12 0.00236492 8.9674e-06 0.997615 1.09744e-05
7.72681e+12 0.00245928 8.29266e-06 0.997522 1.01191e-05
7.7983e+12 0.00261523 7.86335e-06 0.997367 9.61246e-06
7.87046e+12 0.00281571 7.68429e-06 0.997167 9.45544e-06
7.94328e+12 0.00304104 7.74163e-06 0.996942 9.62326e-06
8.01678e+12 0.00327046 8.00465e-06 0.996711 1.00683e-05
8.09096e+12 0.0034837 8.42865e-06 0.996497 1.07243e-05
8.16582e+12 0.00366268 8.95915e-06 0.996317 1.15128e-05
8.24138e+12 0.003793 9.53701e-06 0.996185 1.23503e-05
8.31764e+12 0.00386502 1.0104e-05 0.996112 1.31558e-05
