1e+10 0.0019787 0.016956 0.769225 0.21184
1.00925e+10 0.000499877 0.016727 0.773456 0.209317
1.01859e+10 0.00191 0.0167436 0.774526 0.206821
1.02802e+10 0.000482512 0.0169065 0.776906 0.205705
1.03753e+10 0.00250881 0.0173166 0.775714 0.20446
1.04713e+10 0.000285926 0.0173607 0.779173 0.203181
1.05682e+10 0.000792134 0.0175009 0.780236 0.201471
1.0666e+10 0.00278477 0.01732 0.781628 0.198267
1.07647e+10 0.00156132 0.017653 0.78304 0.197745
1.08643e+10 0.00181207 0.0177027 0.784621 0.195864
1.09648e+10 0.00166093 0.0174742 0.787698 0.193167
1.10662e+10 0.00231283 0.0177671 0.787869 0.192051
1.11686e+10 0.00253897 0.0177648 0.789627 0.190069
1.1272e+10 0.00012302 0.017795 0.793192 0.18889
1.13763e+10 0.00154895 0.017743 0.79423 0.186478
1.14815e+10 0.00021941 0.0179287 0.796282 0.18557
1.15878e+10 0.00312177 0.0181208 0.795099 0.183658
1.1695e+10 0.00299119 0.0182933 0.79627 0.182445
1.18032e+10 0.00189323 0.0180656 0.799874 0.180167
1.19124e+10 0.00327639 0.0184302 0.799035 0.179259
1.20226e+10 0.003232 0.0183703 0.801076 0.177322
1.21339e+10 0.000200841 0.0186989 0.803761 0.177339
1.22462e+10 4.40608e-06 0.0186988 0.80564 0.175657
1.23595e+10 0.00233513 0.0189168 0.804616 0.174132
1.24738e+10 0.000243082 0.0189778 0.80768 0.1731
1.25893e+10 0.00157386 0.0191164 0.807726 0.171583
1.27057e+10 0.000399529 0.0189087 0.811163 0.169529
1.28233e+10 0.000196576 0.0190325 0.81244 0.168331
1.2942e+10 0.00220982 0.0192706 0.811472 0.167048
1.30617e+10 0.00167179 0.019405 0.81294 0.165984
1.31826e+10 0.00178583 0.019178 0.815354 0.163683
1.33045e+10 0.00252038 0.0193863 0.815467 0.162626
1.34276e+10 0.000930556 0.0193403 0.818471 0.161258
1.35519e+10 0.0026276 0.0194944 0.817996 0.159882
1.36773e+10 0.00111762 0.0194855 0.820757 0.15864
1.38038e+10 0.00290886 0.0197327 0.819792 0.157566
1.39316e+10 0.00218157 0.0196389 0.82223 0.155949
1.40605e+10 0.00245812 0.020077 0.821703 0.155762
1.41906e+10 0.00317261 0.0199615 0.823015 0.15385
1.43219e+10 0.000861713 0.0203196 0.824912 0.153906
1.44544e+10 0.00242777 0.0203773 0.824803 0.152391
1.45881e+10 1.92449e-05 0.0203173 0.828425 0.151238
1.47231e+10 0.000783586 0.0205974 0.828069 0.15055
1.48594e+10 0.000764811 0.0203077 0.830585 0.148342
1.49968e+10 7.02572e-05 0.0206663 0.831109 0.148155
1.51356e+10 0.00152527 0.0204393 0.832111 0.145925
1.52757e+10 1.38959e-05 0.0208048 0.833272 0.145909
1.5417e+10 0.00125959 0.020639 0.834171 0.14393
1.55597e+10 0.000265995 0.0210906 0.834552 0.144092
1.57036e+10 0.000100469 0.0209907 0.836352 0.142557
1.58489e+10 0.00224538 0.0212778 0.834695 0.141782
1.59956e+10 0.00165753 0.0214036 0.835958 0.140981
1.61436e+10 0.001384 0.0210882 0.838624 0.138904
1.6293e+10 0.000959705 0.0212024 0.839766 0.138072
1.64437e+10 0.00246913 0.0215403 0.838398 0.137592
1.65959e+10 0.00257716 0.021433 0.839898 0.136092
1.67494e+10 0.00168614 0.0217921 0.840485 0.136036
1.69044e+10 0.00235615 0.0215718 0.841899 0.134173
1.70608e+10 0.00250997 0.0217809 0.84213 0.133579
1.72187e+10 0.000120277 0.0218373 0.84512 0.132922
1.7378e+10 2.96981e-05 0.0219692 0.845835 0.132167
1.75388e+10 0.00226109 0.0219009 0.845265 0.130573
1.77011e+10 0.000712412 0.0219791 0.847418 0.12989
1.78649e+10 0.00208222 0.0220434 0.847074 0.1288
1.80302e+10 6.64634e-05 0.0223676 0.848714 0.128852
1.8197e+10 9.20835e-05 0.0224577 0.849427 0.128023
1.83654e+10 0.00186425 0.0222587 0.849654 0.126223
1.85353e+10 0.000230458 0.0224552 0.851409 0.125906
1.87068e+10 0.00134586 0.0224129 0.851609 0.124632
1.88799e+10 0.00095604 0.0228758 0.85129 0.124878
1.90546e+10 0.00156063 0.0229374 0.85154 0.123962
1.92309e+10 1.36548e-05 0.0228648 0.854163 0.122958
1.94089e+10 0.00187832 0.0230855 0.852704 0.122333
1.95884e+10 0.001543 0.0231907 0.853595 0.121671
1.97697e+10 0.00046059 0.0229662 0.85632 0.120253
1.99526e+10 0.000254564 0.0233189 0.856196 0.120231
2.01372e+10 3.16654e-05 0.0232462 0.857594 0.119128
2.03236e+10 0.0028665 0.0232975 0.855812 0.118024
2.05116e+10 0.0023131 0.0232099 0.857531 0.116946
2.07014e+10 0.00290226 0.0234922 0.856914 0.116692
2.0893e+10 0.000165592 0.0235165 0.860176 0.116142
2.10863e+10 5.57238e-05 0.0237527 0.860336 0.115856
2.12814e+10 0.000813647 0.0235525 0.861233 0.1144
2.14783e+10 0.00172679 0.0240188 0.859653 0.114602
2.1677e+10 0.00262557 0.0239956 0.859782 0.113596
2.18776e+10 0.000747951 0.0241892 0.861653 0.113409
2.208e+10 0.00267768 0.0238562 0.861902 0.111564
2.22844e+10 0.00165893 0.0238895 0.863536 0.110916
2.24905e+10 0.00309945 0.0240809 0.86239 0.11043
2.26986e+10 4.15685e-05 0.0243878 0.864919 0.110652
2.29087e+10 0.00106754 0.0245972 0.864074 0.110261
2.31206e+10 0.000106848 0.0245764 0.865814 0.109502
2.33346e+10 0.00283892 0.0243316 0.864948 0.107882
2.35505e+10 0.000753104 0.0244262 0.8673 0.10752
2.37684e+10 0.00139733 0.0244413 0.867428 0.106734
2.39883e+10 0.00294507 0.024836 0.865435 0.106784
2.42103e+10 0.00172714 0.0245882 0.868135 0.10555
2.44343e+10 0.00141724 0.0246702 0.868882 0.10503
2.46604e+10 0.00325026 0.0248974 0.867171 0.104682
2.48886e+10 4.81983e-05 0.0250734 0.870244 0.104635
2.51189e+10 0.000489309 0.0253502 0.869632 0.104528
2.53513e+10 1.41723e-05 0.0252851 0.870999 0.103702
2.55859e+10 0.00291841 0.0250971 0.869654 0.102331
2.58226e+10 0.000255269 0.0252899 0.87216 0.102295
2.60615e+10 0.000105645 0.0254158 0.872569 0.10191
2.63027e+10 0.00206374 0.0252612 0.871951 0.100724
2.65461e+10 0.00108259 0.0258444 0.871605 0.101468
2.67917e+10 0.00298173 0.0257403 0.870857 0.100421
2.70396e+10 0.00270846 0.0258891 0.871278 0.100125
2.72898e+10 8.42559e-05 0.0259532 0.874151 0.0998119
2.75423e+10 0.00316821 0.0258811 0.872169 0.0987813
2.77971e+10 0.00280874 0.0257397 0.873599 0.097853
2.80543e+10 0.00329237 0.0259278 0.873163 0.0976166
2.83139e+10 0.000891264 0.0263658 0.874595 0.0981476
2.85759e+10 0.00307794 0.0260289 0.874268 0.0966253
2.88403e+10 0.00211772 0.0259946 0.87588 0.0960077
2.91072e+10 0.00301203 0.0261267 0.875219 0.095642
2.93765e+10 0.00158659 0.0266574 0.875435 0.0963214
2.96483e+10 0.00258388 0.0262427 0.876426 0.0947478
2.99226e+10 0.00112193 0.0263282 0.878099 0.0944509
3.01995e+10 0.00193956 0.0263555 0.877822 0.0938834
3.04789e+10 0.00298565 0.0267748 0.876071 0.0941687
3.0761e+10 0.000651674 0.0266108 0.879345 0.0933928
3.10456e+10 0.00012655 0.0269881 0.879195 0.0936903
3.13329e+10 7.29771e-05 0.0270395 0.879636 0.0932515
3.16228e+10 0.00112894 0.0267629 0.880068 0.0920403
3.19154e+10 0.00232557 0.027239 0.877977 0.0924589
3.22107e+10 0.00269535 0.0268992 0.879236 0.0911696
3.25087e+10 0.00209998 0.0269268 0.880236 0.0907373
3.28095e+10 0.00313144 0.0270992 0.879243 0.0905264
3.31131e+10 0.00113532 0.0275942 0.880087 0.0911835
3.34195e+10 0.00267363 0.0271882 0.880421 0.0897175
3.37287e+10 0.00085066 0.0272857 0.882341 0.0895222
3.40408e+10 0.000916972 0.0273437 0.882598 0.0891413
3.43558e+10 0.00284746 0.0274012 0.881089 0.0886625
3.46737e+10 0.000945369 0.0279406 0.881699 0.0894148
3.49945e+10 0.0029773 0.027618 0.881264 0.0881409
3.53183e+10 0.00193362 0.0275693 0.882882 0.0876153
3.56451e+10 0.00233692 0.0276386 0.882758 0.087266
3.59749e+10 0.00299424 0.0280028 0.881479 0.0875243
3.63078e+10 1.40059e-05 0.0280958 0.884484 0.0874058
3.66438e+10 0.00236796 0.0282565 0.882216 0.0871596
3.69828e+10 0.00298433 0.0280847 0.882613 0.0863175
3.7325e+10 0.00304105 0.0281935 0.882675 0.0860904
3.76704e+10 0.00168142 0.0285459 0.883334 0.0864385
3.80189e+10 0.000581482 0.0282433 0.885748 0.0854276
3.83707e+10 0.00150711 0.0286855 0.883953 0.0858542
3.87258e+10 0.00284476 0.0285076 0.883654 0.0849941
3.90841e+10 0.00292474 0.0285334 0.883925 0.0846166
3.94457e+10 0.00224568 0.0288246 0.884111 0.084819
3.98107e+10 8.91842e-06 0.0288031 0.886729 0.0844588
4.01791e+10 0.00286511 0.0287612 0.884544 0.0838299
4.05509e+10 0.00109843 0.0286722 0.886909 0.0833203
4.09261e+10 0.000235613 0.0288706 0.88754 0.0833538
4.13048e+10 0.000540736 0.0288678 0.887658 0.0829333
4.16869e+10 0.00237916 0.0288566 0.88633 0.0824346
4.20727e+10 0.00139117 0.0293811 0.886092 0.0831357
4.2462e+10 0.00195128 0.0289989 0.887091 0.0819586
4.28549e+10 8.98564e-05 0.0292841 0.888405 0.0822213
4.32514e+10 4.55252e-05 0.0294737 0.888262 0.0822189
4.36516e+10 2.93793e-05 0.029448 0.888732 0.0817905
4.40555e+10 0.00147026 0.0292708 0.888252 0.0810074
4.44631e+10 0.00217989 0.0297119 0.886626 0.0814822
4.48745e+10 0.000963448 0.0294624 0.888901 0.0806729
4.52898e+10 0.00017346 0.0298756 0.888795 0.0811555
4.57088e+10 0.000889335 0.03 0.888098 0.0810127
4.61318e+10 0.000639171 0.0300613 0.888513 0.0807869
4.65586e+10 2.37419e-05 0.0299558 0.889768 0.0802524
4.69894e+10 0.002168 0.0297858 0.888554 0.0794924
4.74242e+10 0.000575698 0.0302829 0.888965 0.0801765
4.7863e+10 0.00255149 0.030071 0.888027 0.079351
4.83059e+10 0.00152081 0.0300113 0.889531 0.078937
4.87528e+10 0.00110453 0.0300966 0.890014 0.0787846
4.9204e+10 0.00181795 0.0301462 0.88951 0.0785256
4.96592e+10 0.00243022 0.0304424 0.888378 0.0787489
5.01187e+10 0.000106852 0.0306305 0.890394 0.0788688
5.05825e+10 0.00254449 0.0304582 0.888864 0.078133
5.10505e+10 0.000378743 0.030554 0.890993 0.0780747
5.15229e+10 0.000143181 0.0308674 0.890621 0.078368
5.19996e+10 0.000357833 0.0309737 0.890416 0.0782521
5.24807e+10 5.18046e-05 0.0309623 0.891054 0.0779321
5.29663e+10 0.000789317 0.0307651 0.891217 0.0772284
5.34564e+10 0.00249939 0.0309927 0.889204 0.0773035
5.39511e+10 4.69828e-05 0.0311026 0.891558 0.0772927
5.44503e+10 0.00207902 0.0312858 0.889357 0.0772783
5.49541e+10 0.00230684 0.0310571 0.890088 0.0765476
5.54626e+10 0.0015207 0.0310953 0.891028 0.0763557
5.59758e+10 0.00162945 0.0311679 0.891 0.0762029
5.64937e+10 0.00240204 0.0313229 0.890088 0.0761871
5.70164e+10 0.00147501 0.0317079 0.890162 0.0766555
5.7544e+10 0.000379001 0.0314871 0.892137 0.0759973
5.80764e+10 0.00221313 0.0317859 0.889776 0.0762249
5.86138e+10 0.00162144 0.0315058 0.891425 0.0754482
5.91562e+10 5.81072e-05 0.0318317 0.89228 0.0758304
5.97035e+10 0.000137502 0.0320598 0.891819 0.0759836
6.0256e+10 0.000103907 0.0321208 0.891943 0.075832
6.08135e+10 0.00013398 0.0320146 0.892479 0.0753721
6.13762e+10 0.00188552 0.0318828 0.891411 0.0748203
6.19441e+10 0.00188925 0.0323597 0.890308 0.0754428
6.25173e+10 0.000711974 0.0320888 0.892477 0.0747222
6.30957e+10 0.00138582 0.0325751 0.890694 0.0753453
6.36796e+10 0.00291133 0.0322733 0.890314 0.0745009
6.42688e+10 0.0017479 0.0322324 0.891809 0.074211
6.48634e+10 0.00108622 0.0323544 0.892352 0.0742078
6.54636e+10 0.00145088 0.0324053 0.892094 0.0740495
6.60693e+10 0.00261199 0.0325222 0.890872 0.0739934
6.66807e+10 0.0021184 0.0329661 0.890339 0.0745765
6.72977e+10 6.99494e-05 0.0328738 0.892831 0.0742255
6.79204e+10 0.00297958 0.0328861 0.890193 0.0739415
6.85488e+10 0.000335579 0.0329184 0.89291 0.0738356
6.91831e+10 0.00122291 0.0333682 0.891011 0.0743982
6.98232e+10 0.00306164 0.0332129 0.889879 0.0738462
7.04693e+10 0.00321514 0.0331029 0.890261 0.0734206
7.11214e+10 0.00317431 0.0331745 0.890322 0.0733294
7.17794e+10 0.00310666 0.0334173 0.889928 0.0735484
7.24436e+10 0.00159592 0.0337602 0.890662 0.0739816
7.31139e+10 8.15952e-05 0.0335782 0.892865 0.0734747
7.37904e+10 0.00303307 0.0334656 0.89051 0.0729916
7.44732e+10 0.000150248 0.0339022 0.892321 0.0736265
7.51623e+10 0.00324107 0.0337426 0.889955 0.0730618
7.58578e+10 0.00126165 0.0336169 0.892446 0.0726755
7.65597e+10 3.8922e-05 0.0340754 0.892573 0.0733131
7.72681e+10 0.000724011 0.034331 0.891397 0.073548
7.7983e+10 0.00109973 0.0344352 0.890943 0.0735223
7.87046e+10 0.000608357 0.0344978 0.891451 0.0734432
7.94328e+10 3.11217e-05 0.0343752 0.892554 0.0730401
8.01678e+10 0.00167723 0.0340941 0.891916 0.0723127
8.09096e+10 0.00313225 0.0345089 0.889538 0.0728204
8.16582e+10 3.44419e-05 0.0346478 0.89238 0.0729374
8.24138e+10 0.00328 0.0345299 0.889718 0.0724725
8.31764e+10 0.000322115 0.0346196 0.892556 0.0725023
8.3946e+10 0.00144195 0.0350816 0.890373 0.0731035
8.47227e+10 0.00338962 0.0348358 0.889327 0.0724481
8.55067e+10 0.00306366 0.034673 0.890276 0.0719869
8.62979e+10 0.00247099 0.0347181 0.890914 0.0718965
8.70964e+10 0.00259914 0.0348115 0.890711 0.0718782
8.79023e+10 0.00332976 0.0349862 0.889693 0.0719913
8.87156e+10 0.00322586 0.0354069 0.888817 0.0725502
8.95365e+10 0.000734883 0.0357227 0.890571 0.0729716
9.03649e+10 0.00108551 0.0352832 0.891604 0.0720277
9.12011e+10 0.00291844 0.0357138 0.888798 0.0725694
9.2045e+10 0.000396725 0.0355978 0.891761 0.0722446
9.28966e+10 0.00220513 0.0360088 0.889032 0.0727544
9.37562e+10 0.00247393 0.0355962 0.890061 0.0718691
9.46237e+10 0.000200008 0.035926 0.89156 0.0723144
9.54993e+10 0.00043124 0.0363218 0.890418 0.0728289
9.63829e+10 0.00150438 0.0364483 0.889182 0.0728648
9.72747e+10 0.00200517 0.0365157 0.888669 0.0728106
9.81748e+10 0.0017565 0.0366425 0.888728 0.0728729
9.90832e+10 0.000785332 0.0367622 0.889516 0.0729364
1e+11 2.93356e-05 0.0366472 0.890729 0.0725947
1.00925e+11 0.00170352 0.0363823 0.889957 0.0719573
1.01859e+11 0.0030999 0.0368108 0.887575 0.0725141
1.02802e+11 0.000105464 0.0370729 0.889962 0.0728593
1.03753e+11 0.0028103 0.0367806 0.888245 0.0721643
1.04713e+11 0.000158607 0.0373063 0.88958 0.0729547
1.05682e+11 0.00284365 0.0371847 0.887416 0.0725557
1.0666e+11 0.000947577 0.0371289 0.889579 0.072344
1.07647e+11 0.000157866 0.0376227 0.889169 0.0730506
1.08643e+11 0.00155475 0.0377736 0.887531 0.0731403
1.09648e+11 0.00249815 0.0377148 0.886905 0.0728824
1.10662e+11 0.00273137 0.0377096 0.886831 0.0727281
1.11686e+11 0.00277171 0.0378087 0.886665 0.072755
1.1272e+11 0.00267796 0.0380156 0.886339 0.0729674
1.13763e+11 0.0019606 0.0383098 0.886392 0.0733373
1.14815e+11 0.000472916 0.0384814 0.887534 0.0735119
1.15878e+11 0.000351196 0.038261 0.888382 0.0730057
1.1695e+11 0.00266335 0.0382697 0.886215 0.0728522
1.18032e+11 0.00120062 0.0388795 0.886153 0.0737669
1.19124e+11 0.00100798 0.0385364 0.887396 0.0730601
1.20226e+11 0.00189015 0.0390713 0.885223 0.0738156
1.21339e+11 0.00120891 0.0387919 0.886773 0.0732261
1.22462e+11 0.000633543 0.0393866 0.885877 0.074103
1.23595e+11 0.00244197 0.0392138 0.884684 0.0736603
1.24738e+11 0.00106857 0.0392212 0.886145 0.0735652
1.25893e+11 6.38773e-05 0.0396095 0.886224 0.074103
1.27057e+11 0.000465832 0.0398875 0.885209 0.0744374
1.28233e+11 0.00107571 0.0400178 0.884383 0.074523
1.2942e+11 0.001359 0.0401252 0.88394 0.0745757
1.30617e+11 0.00129406 0.0402682 0.883744 0.0746935
1.31826e+11 0.000879131 0.0404349 0.88383 0.074856
1.33045e+11 0.000245421 0.0405414 0.884291 0.0749219
1.34276e+11 0.000174153 0.0404838 0.884633 0.0747086
1.35519e+11 0.00153006 0.0404274 0.883562 0.0744804
1.36773e+11 0.00229261 0.0408209 0.881878 0.075008
1.38038e+11 0.000315464 0.0411562 0.883055 0.0754736
1.39316e+11 0.00146103 0.0408736 0.882789 0.0748765
1.40605e+11 0.00170307 0.0414624 0.881099 0.0757352
1.41906e+11 0.000774362 0.041263 0.882658 0.0753043
1.43219e+11 0.00168389 0.0418014 0.880443 0.0760717
1.44544e+11 0.00159523 0.0415192 0.881389 0.0754962
1.45881e+11 0.000255589 0.0421401 0.881177 0.0764275
1.47231e+11 0.00235529 0.0421615 0.879154 0.0763288
1.48594e+11 0.00177741 0.0420397 0.880156 0.0760273
1.49968e+11 0.000245754 0.0424099 0.880796 0.076548
1.51356e+11 0.000198059 0.0428232 0.879857 0.0771223
1.52757e+11 0.000903555 0.0430474 0.878672 0.0773772
1.5417e+11 0.00143782 0.0431801 0.877898 0.0774845
1.55597e+11 0.00161433 0.0433258 0.877442 0.0776179
1.57036e+11 0.00148606 0.0435172 0.877166 0.0778305
1.58489e+11 0.00105012 0.043736 0.877122 0.078092
1.59956e+11 0.000388301 0.0439082 0.877424 0.07828
1.61436e+11 8.19177e-05 0.0439301 0.877769 0.0782189
1.6293e+11 0.00101434 0.0438725 0.877098 0.0780152
1.64437e+11 0.0023019 0.0441324 0.875238 0.0783277
1.65959e+11 0.001177 0.044669 0.875036 0.0791183
1.67494e+11 0.000268238 0.0445914 0.876236 0.0789043
1.69044e+11 0.00253473 0.0446781 0.873861 0.0789257
1.70608e+11 0.000485427 0.0452778 0.874408 0.0798291
1.72187e+11 0.0020736 0.0449538 0.873782 0.0791902
1.7378e+11 0.000881119 0.0457335 0.873008 0.0803776
1.75388e+11 0.00247434 0.045362 0.8725 0.0796639
1.77011e+11 0.000220173 0.0460969 0.872894 0.0807892
1.78649e+11 0.00313518 0.0460727 0.870164 0.0806285
1.80302e+11 0.00126964 0.0460498 0.872161 0.0805194
1.8197e+11 0.000378997 0.0468432 0.871053 0.0817249
1.83654e+11 0.00284751 0.0469516 0.868415 0.0817863
1.85353e+11 0.00323831 0.0467317 0.868692 0.0813375
1.87068e+11 0.00152422 0.0469525 0.869899 0.0816241
1.88799e+11 0.000250567 0.0474819 0.869862 0.0824056
1.90546e+11 8.36041e-05 0.0479806 0.868809 0.0831265
1.92309e+11 0.000413644 0.0483508 0.867601 0.083635
1.94089e+11 0.000673604 0.0486404 0.866672 0.0840144
1.95884e+11 0.000642573 0.0488976 0.866116 0.0843443
1.97697e+11 0.000344373 0.0491186 0.865918 0.0846191
1.99526e+11 4.72514e-05 0.0492534 0.865944 0.0847552
2.01372e+11 0.000323163 0.0492661 0.865721 0.0846901
2.03236e+11 0.00165115 0.049277 0.864459 0.0846132
2.05116e+11 0.00319496 0.0496135 0.862132 0.085059
2.07014e+11 0.00263563 0.0503478 0.860853 0.086164
2.0893e+11 0.000343555 0.050732 0.862203 0.0867215
2.10863e+11 0.00123317 0.0504557 0.862121 0.0861898
2.12814e+11 0.00326558 0.050937 0.858932 0.0868651
2.14783e+11 0.000499949 0.0516164 0.859983 0.0879009
2.1677e+11 0.0021127 0.0512525 0.85941 0.0872251
2.18776e+11 0.00212554 0.0521932 0.857026 0.088655
2.208e+11 0.00109208 0.0519742 0.858697 0.0882364
2.22844e+11 0.00265255 0.0527493 0.855211 0.0893872
2.24905e+11 0.0013365 0.0525605 0.857082 0.0890208
2.26986e+11 0.00193101 0.0535265 0.854057 0.0904851
2.29087e+11 0.0029738 0.0530927 0.854225 0.0897082
2.31206e+11 0.000293036 0.0540955 0.854353 0.0912586
2.33346e+11 0.00361664 0.0542895 0.850627 0.0914666
2.35505e+11 0.00265089 0.05409 0.852176 0.0910835
2.37684e+11 0.000249216 0.0550933 0.852026 0.0926311
2.39883e+11 0.00252796 0.0556794 0.848318 0.0934742
2.42103e+11 0.0045236 0.0554468 0.847014 0.0930156
2.44343e+11 0.00313501 0.0555236 0.848263 0.0930785
2.46604e+11 0.00095119 0.0562362 0.848652 0.0941603
2.48886e+11 0.000298956 0.057106 0.847116 0.0954791
2.51189e+11 0.0010654 0.0577689 0.844709 0.096457
2.53513e+11 0.00223644 0.058212 0.842469 0.0970822
2.55859e+11 0.00315538 0.0585668 0.840708 0.0975694
2.58226e+11 0.00364753 0.0589429 0.839315 0.0980942
2.60615e+11 0.00373224 0.0593922 0.838137 0.0987387
2.63027e+11 0.00341321 0.0599222 0.83715 0.0995143
2.65461e+11 0.00265241 0.0604983 0.836483 0.100366
2.67917e+11 0.00152898 0.0610274 0.836297 0.101147
2.70396e+11 0.000529872 0.0613663 0.836479 0.101625
2.72898e+11 0.000636314 0.0614406 0.836247 0.101676
2.75423e+11 0.00250728 0.0614788 0.834357 0.101657
2.77971e+11 0.00479208 0.0620275 0.830737 0.102443
2.80543e+11 0.00434479 0.0632452 0.828102 0.104308
2.83139e+11 0.00121046 0.0641514 0.828939 0.105699
2.85759e+11 0.00110863 0.0639908 0.829518 0.105383
2.88403e+11 0.00451037 0.0642965 0.825416 0.105777
2.91072e+11 0.00290418 0.0657898 0.823223 0.108083
2.93765e+11 0.000660724 0.0659827 0.825015 0.108342
2.96483e+11 0.00434026 0.0661714 0.820938 0.10855
2.99226e+11 0.00167655 0.0677091 0.819683 0.110932
3.01995e+11 0.00219906 0.0674556 0.819878 0.110467
3.04789e+11 0.00331125 0.0687815 0.815421 0.112486
3.0761e+11 0.00112399 0.0690479 0.816967 0.112861
3.10456e+11 0.00362304 0.070004 0.812086 0.114287
3.13329e+11 0.00108526 0.0704736 0.813457 0.114985
3.16228e+11 0.00315079 0.0715458 0.808708 0.116596
3.19154e+11 0.0018717 0.071754 0.809501 0.116873
3.22107e+11 0.00175006 0.0732579 0.805814 0.119178
3.25087e+11 0.00344155 0.0732466 0.804223 0.119089
3.28095e+11 0.000608986 0.0745752 0.803679 0.121137
3.31131e+11 0.00290203 0.0754871 0.799117 0.122493
3.34195e+11 0.00299336 0.0756731 0.798606 0.122727
3.37287e+11 0.000564769 0.0771107 0.797383 0.124941
3.40408e+11 0.00224796 0.0782473 0.792852 0.126653
3.43558e+11 0.00382249 0.0784906 0.79072 0.126967
3.46737e+11 0.00190298 0.0793563 0.790461 0.12828
3.49945e+11 0.000424491 0.080962 0.787866 0.130748
3.53183e+11 0.00180852 0.082201 0.78337 0.132621
3.56451e+11 0.00382588 0.082785 0.779925 0.133465
3.59749e+11 0.00409981 0.0833329 0.778303 0.134264
3.63078e+11 0.00274592 0.0843433 0.777112 0.135799
3.66438e+11 0.00117482 0.0857866 0.775028 0.13801
3.69828e+11 0.000369435 0.0873783 0.771805 0.140447
3.7325e+11 0.000440744 0.0889009 0.767889 0.142769
3.76704e+11 0.0010282 0.0902974 0.763784 0.14489
3.80189e+11 0.00173844 0.0916134 0.759764 0.146884
3.83707e+11 0.00232522 0.0929212 0.755888 0.148866
3.87258e+11 0.00267909 0.0942786 0.752117 0.150926
3.90841e+11 0.00276033 0.0957178 0.748408 0.153114
3.94457e+11 0.00255291 0.0972442 0.744763 0.15544
3.98107e+11 0.002068 0.0988336 0.741233 0.157866
4.01791e+11 0.00140149 0.100425 0.737878 0.160295
4.05509e+11 0.000823312 0.101927 0.734666 0.162583
4.09261e+11 0.000813558 0.103256 0.731333 0.164598
4.13048e+11 0.00188067 0.104441 0.727297 0.166382
4.16869e+11 0.0040395 0.105736 0.721896 0.168328
4.20727e+11 0.00622025 0.107581 0.715069 0.171129
4.2462e+11 0.00653634 0.110223 0.708062 0.175179
4.28549e+11 0.00421207 0.113177 0.702883 0.179728
4.32514e+11 0.00168142 0.115367 0.699858 0.183094
4.36516e+11 0.00275246 0.116517 0.695909 0.184821
4.40555e+11 0.0065077 0.118163 0.688035 0.187295
4.44631e+11 0.00674826 0.121577 0.679141 0.192534
4.48745e+11 0.00297162 0.124936 0.674377 0.197716
4.52898e+11 0.00351132 0.126359 0.670264 0.199866
4.57088e+11 0.00765693 0.128542 0.660636 0.203165
4.61318e+11 0.00543547 0.132889 0.651817 0.209858
4.65586e+11 0.00339403 0.135373 0.647565 0.213667
4.69894e+11 0.00783178 0.137414 0.638015 0.216739
4.74242e+11 0.00584004 0.142197 0.627865 0.224097
4.7863e+11 0.00478839 0.144801 0.622331 0.22808
4.83059e+11 0.00859607 0.147967 0.610548 0.232889
4.87528e+11 0.00506833 0.152894 0.601565 0.240473
4.9204e+11 0.00796065 0.155336 0.592535 0.244168
4.96592e+11 0.00726558 0.160645 0.579779 0.25231
5.01187e+11 0.00725467 0.164089 0.571086 0.25757
5.05825e+11 0.00880603 0.168996 0.55713 0.265068
5.10505e+11 0.00765245 0.173546 0.546767 0.272035
5.15229e+11 0.00966272 0.178452 0.532369 0.279517
5.19996e+11 0.00878032 0.183674 0.520036 0.28751
5.24807e+11 0.0103627 0.189034 0.504919 0.295684
5.29663e+11 0.0102823 0.194702 0.490672 0.304343
5.34564e+11 0.0113515 0.200628 0.47464 0.31338
5.39511e+11 0.0117785 0.206908 0.458352 0.322961
5.44503e+11 0.0132585 0.213094 0.441267 0.33238
5.49541e+11 0.012981 0.22033 0.423274 0.343415
5.54626e+11 0.0158827 0.226779 0.404135 0.353204
5.59758e+11 0.0156869 0.234083 0.385908 0.364322
5.64937e+11 0.0166902 0.242426 0.363883 0.377001
5.70164e+11 0.021612 0.248117 0.344703 0.385568
5.7544e+11 0.0192592 0.257296 0.323918 0.399527
5.80764e+11 0.022323 0.265601 0.300025 0.412052
5.86138e+11 0.0299504 0.269907 0.281734 0.418408
5.91562e+11 0.0275043 0.278912 0.261562 0.432022
5.97035e+11 0.0282001 0.287786 0.238694 0.44532
6.0256e+11 0.0403639 0.288911 0.224096 0.446629
6.08135e+11 0.0467461 0.290723 0.213483 0.449049
6.13762e+11 0.0430715 0.29735 0.20076 0.458818
6.19441e+11 0.046117 0.298163 0.196227 0.459492
6.25173e+11 0.062269 0.287421 0.207954 0.442356
6.30957e+11 0.0795326 0.272233 0.229773 0.418461
6.36796e+11 0.0875213 0.258479 0.257205 0.396795
6.42688e+11 0.0887417 0.242071 0.298192 0.370995
6.48634e+11 0.0915636 0.215717 0.362822 0.329898
6.54636e+11 0.100677 0.177621 0.450812 0.27089
6.60693e+11 0.115181 0.132388 0.551248 0.201182
6.66807e+11 0.131777 0.0871128 0.649374 0.131736
6.72977e+11 0.147753 0.0484639 0.730983 0.0728006
6.79204e+11 0.161907 0.022154 0.782828 0.0331104
6.85488e+11 0.174148 0.0129692 0.792955 0.0199284
6.91831e+11 0.184804 0.0238036 0.753843 0.0375502
6.98232e+11 0.194181 0.0537362 0.667727 0.0843555
7.04693e+11 0.202501 0.0963285 0.550933 0.150238
7.11214e+11 0.210183 0.139614 0.43354 0.216662
7.17794e+11 0.21808 0.16883 0.352142 0.260948
7.24436e+11 0.226821 0.17187 0.336628 0.264681
7.31139e+11 0.235038 0.145692 0.395739 0.223532
7.37904e+11 0.23859 0.10004 0.508526 0.152845
7.44732e+11 0.23463 0.0545404 0.627831 0.0829988
7.51623e+11 0.229191 0.0288496 0.697836 0.0441228
7.58578e+11 0.235898 0.0321817 0.681908 0.0500125
7.65597e+11 0.257477 0.0603287 0.588453 0.0937415
7.72681e+11 0.273668 0.0992236 0.47369 0.153418
7.7983e+11 0.26728 0.127716 0.408381 0.196622
7.87046e+11 0.253345 0.124728 0.430585 0.191341
7.94328e+11 0.249311 0.0892231 0.525046 0.13642
8.01678e+11 0.244759 0.0484169 0.632931 0.0738933
8.09096e+11 0.243386 0.0314719 0.676757 0.0483856
8.16582e+11 0.263555 0.0469575 0.616839 0.0726482
8.24138e+11 0.282014 0.0840795 0.504103 0.129804
8.31764e+11 0.279815 0.110288 0.440118 0.16978
8.3946e+11 0.268244 0.0984338 0.482307 0.151016
8.47227e+11 0.244938 0.0653234 0.590012 0.099726
8.55067e+11 0.236886 0.0423439 0.656239 0.064531
8.62979e+11 0.258335 0.0427581 0.633135 0.0657721
8.70964e+11 0.278524 0.059589 0.569786 0.0921003
8.79023e+11 0.284049 0.0783658 0.516853 0.120732
8.87156e+11 0.270565 0.0896916 0.502183 0.13756
8.95365e+11 0.253001 0.0758787 0.555075 0.116045
9.03649e+11 0.238621 0.044997 0.647711 0.0686712
9.12011e+11 0.244723 0.0350527 0.666539 0.0536844
9.2045e+11 0.272776 0.0531104 0.592282 0.0818326
9.28966e+11 0.286263 0.0698212 0.53638 0.107536
9.37562e+11 0.269046 0.0765639 0.536981 0.117409
9.46237e+11 0.249875 0.0683713 0.577246 0.104507
9.54993e+11 0.234352 0.043945 0.654641 0.067062
9.63829e+11 0.241229 0.0346842 0.671007 0.0530795
9.72747e+11 0.269856 0.0487796 0.606291 0.075073
9.81748e+11 0.278539 0.0618285 0.564559 0.0950732
9.90832e+11 0.265001 0.069556 0.558889 0.106554
1e+12 0.241759 0.0587364 0.609752 0.0897525
1.00925e+12 0.228153 0.0381451 0.675562 0.0581397
1.01859e+12 0.240814 0.036567 0.6666 0.0560186
1.02802e+12 0.265489 0.0432764 0.624705 0.0665292
1.03753e+12 0.270423 0.0596626 0.578357 0.091558
1.04713e+12 0.256425 0.0615369 0.587824 0.0942143
1.05682e+12 0.230885 0.0474664 0.649244 0.0724042
1.0666e+12 0.22198 0.0363035 0.686326 0.055391
1.07647e+12 0.239704 0.0326798 0.677572 0.0500445
1.08643e+12 0.262701 0.0450261 0.623147 0.0691258
1.09648e+12 0.25983 0.0541687 0.602958 0.0830425
1.10662e+12 0.243702 0.0523064 0.624055 0.0799367
1.11686e+12 0.219547 0.0412704 0.676252 0.0629309
1.1272e+12 0.217381 0.0319007 0.702046 0.0486727
1.13763e+12 0.240404 0.0322293 0.678007 0.0493598
1.14815e+12 0.254054 0.043277 0.636309 0.0663601
1.15878e+12 0.249274 0.0499507 0.624301 0.0764747
1.1695e+12 0.229382 0.0440578 0.659315 0.0672455
1.18032e+12 0.210615 0.0355578 0.699643 0.0541852
1.19124e+12 0.212879 0.0290136 0.713823 0.0442846
1.20226e+12 0.23706 0.0321504 0.681568 0.0492217
1.21339e+12 0.247362 0.0400079 0.651355 0.0612747
1.22462e+12 0.235843 0.045259 0.649683 0.0692153
1.23595e+12 0.212786 0.038217 0.690727 0.0582693
1.24738e+12 0.20735 0.0303164 0.716152 0.046182
1.25893e+12 0.207859 0.0266493 0.724832 0.0406601
1.27057e+12 0.229155 0.0318409 0.69026 0.0487441
1.28233e+12 0.237472 0.0375813 0.667457 0.0574903
1.2942e+12 0.225715 0.0377297 0.678932 0.0576233
1.30617e+12 0.203126 0.0355003 0.707259 0.0541156
1.31826e+12 0.190997 0.0261957 0.742926 0.0398808
1.33045e+12 0.21033 0.0257176 0.724699 0.0392535
1.34276e+12 0.220811 0.0282183 0.707844 0.0431275
1.35519e+12 0.226591 0.034304 0.686641 0.0524641
1.36773e+12 0.210475 0.0363783 0.697625 0.0555218
1.38038e+12 0.192143 0.0281743 0.736788 0.0428946
1.39316e+12 0.194493 0.0252434 0.741822 0.0384415
1.40605e+12 0.193592 0.0227499 0.748985 0.0346732
1.41906e+12 0.212833 0.0269025 0.719131 0.0411329
1.43219e+12 0.215916 0.0323388 0.702339 0.049406
1.44544e+12 0.199276 0.0291453 0.727153 0.0444253
1.45881e+12 0.193097 0.0270607 0.738618 0.0412239
1.47231e+12 0.176553 0.0234416 0.764348 0.0356567
1.48594e+12 0.185052 0.0204317 0.763371 0.0311452
1.49968e+12 0.20656 0.0255057 0.728967 0.0389669
1.51356e+12 0.202194 0.0271277 0.72929 0.0413882
1.52757e+12 0.195151 0.0258151 0.739679 0.0393549
1.5417e+12 0.185114 0.0264223 0.748215 0.0402493
1.55597e+12 0.163817 0.0210846 0.78305 0.0320477
1.57036e+12 0.177891 0.0187125 0.774885 0.0285113
1.58489e+12 0.195742 0.0227976 0.746666 0.0347943
1.59956e+12 0.190683 0.0233968 0.750251 0.035669
1.61436e+12 0.188188 0.0230862 0.753535 0.0351909
1.6293e+12 0.180641 0.0246697 0.757106 0.0375834
1.64437e+12 0.156746 0.0203839 0.791894 0.0309768
1.65959e+12 0.163463 0.0165908 0.794705 0.025241
1.67494e+12 0.184608 0.0198082 0.76537 0.0302147
1.69044e+12 0.182251 0.0213603 0.763834 0.0325543
1.70608e+12 0.176159 0.0200775 0.773185 0.0305779
1.72187e+12 0.177507 0.0213259 0.768674 0.0324925
1.7378e+12 0.160361 0.0209446 0.786835 0.0318597
1.75388e+12 0.14589 0.0159679 0.813896 0.0242464
1.77011e+12 0.16446 0.0155625 0.796275 0.0237022
1.78649e+12 0.178797 0.0193121 0.772439 0.0294519
1.80302e+12 0.168812 0.0196125 0.78171 0.0298648
1.8197e+12 0.161227 0.0174817 0.794696 0.0265956
1.83654e+12 0.164515 0.018054 0.789948 0.0274827
1.85353e+12 0.152472 0.0179781 0.802214 0.0273352
1.87068e+12 0.139392 0.0143721 0.824418 0.0218175
1.88799e+12 0.153875 0.0136946 0.811588 0.0208429
1.90546e+12 0.171083 0.0173484 0.785111 0.0264576
1.92309e+12 0.16236 0.0189908 0.789725 0.0289243
1.94089e+12 0.144193 0.016188 0.815018 0.0246005
1.95884e+12 0.145218 0.0140926 0.819274 0.0214151
1.97697e+12 0.151323 0.0149949 0.810875 0.022807
1.99526e+12 0.142386 0.0145423 0.820976 0.0220965
2.01372e+12 0.137952 0.0125399 0.830463 0.0190453
2.03236e+12 0.151157 0.0131284 0.815728 0.0199863
2.05116e+12 0.160817 0.0162027 0.798285 0.0246951
2.07014e+12 0.146572 0.0170969 0.810313 0.0260183
2.0893e+12 0.124976 0.0139098 0.840001 0.0211129
2.10863e+12 0.126034 0.0110967 0.846032 0.0168369
2.12814e+12 0.142086 0.0119089 0.827892 0.0181133
2.14783e+12 0.145896 0.0135398 0.819962 0.0206025
2.1677e+12 0.136591 0.0130952 0.830411 0.0199028
2.18776e+12 0.132548 0.0117764 0.837786 0.0178892
2.208e+12 0.139484 0.0120903 0.830038 0.0183878
2.22844e+12 0.141148 0.0135853 0.824596 0.02067
2.24905e+12 0.126519 0.0132524 0.840095 0.0201332
2.26986e+12 0.112614 0.0107035 0.860453 0.0162285
2.29087e+12 0.118671 0.00916017 0.85827 0.0138993
2.31206e+12 0.136395 0.0104976 0.837131 0.0159767
2.33346e+12 0.143143 0.0128643 0.8244 0.0195929
2.35505e+12 0.130435 0.0133177 0.835993 0.0202547
2.37684e+12 0.112964 0.0112973 0.858595 0.0171441
2.39883e+12 0.110196 0.00919823 0.86666 0.0139458
2.42103e+12 0.121127 0.0091492 0.85583 0.0138945
2.44343e+12 0.128073 0.0103413 0.845863 0.0157227
2.46604e+12 0.122535 0.0106948 0.850519 0.0162503
2.48886e+12 0.113446 0.00972433 0.862072 0.0147579
2.51189e+12 0.112669 0.00872593 0.865365 0.0132403
2.53513e+12 0.120689 0.0089901 0.856661 0.0136605
2.55859e+12 0.125896 0.0102324 0.848309 0.015563
2.58226e+12 0.11825 0.0108017 0.85453 0.0164173
2.60615e+12 0.10296 0.00967977 0.872675 0.0146852
2.63027e+12 0.095252 0.00780758 0.885114 0.0118263
2.65461e+12 0.102543 0.00696609 0.879929 0.010562
2.67917e+12 0.117092 0.00784478 0.863137 0.0119265
2.70396e+12 0.124725 0.0095123 0.851284 0.014478
2.72898e+12 0.117756 0.0103774 0.856083 0.0157832
2.75423e+12 0.101539 0.00959229 0.874306 0.0145628
2.77971e+12 0.0897027 0.00779888 0.890682 0.0118162
2.80543e+12 0.0912738 0.0064842 0.892422 0.00981996
2.83139e+12 0.102571 0.00654046 0.880963 0.00992464
2.85759e+12 0.112202 0.0075669 0.868729 0.0115022
2.88403e+12 0.112072 0.00846233 0.866601 0.012865
2.91072e+12 0.103098 0.0084371 0.875651 0.0128138
2.93765e+12 0.0929312 0.00754249 0.888088 0.0114386
2.96483e+12 0.0893561 0.00651401 0.89426 0.00986999
2.99226e+12 0.0940418 0.00612858 0.890538 0.00929183
3.01995e+12 0.101371 0.00654886 0.882137 0.00994309
3.04789e+12 0.103778 0.00722908 0.87801 0.0109827
3.0761e+12 0.0985283 0.00745879 0.882687 0.0113262
3.10456e+12 0.0894756 0.00697291 0.892975 0.0105761
3.13329e+12 0.083205 0.00609279 0.901472 0.00923026
3.16228e+12 0.0839312 0.00541463 0.902453 0.00820122
3.19154e+12 0.0907986 0.0053768 0.89567 0.0081544
3.22107e+12 0.0985459 0.00597177 0.886411 0.00907121
3.25087e+12 0.101004 0.00674698 0.881994 0.0102552
3.28095e+12 0.0954471 0.00711217 0.886636 0.0108052
3.31131e+12 0.0846292 0.00675407 0.898368 0.0102483
3.34195e+12 0.0748027 0.00584104 0.910508 0.00884857
3.37287e+12 0.0714296 0.00487849 0.91631 0.00738148
3.40408e+12 0.0759289 0.00437003 0.913086 0.00661466
3.43558e+12 0.0852616 0.00453685 0.903321 0.00688078
3.46737e+12 0.0938869 0.00522883 0.892939 0.00794486
3.49945e+12 0.0967297 0.00602555 0.888083 0.00916148
3.53183e+12 0.0918169 0.00646303 0.891897 0.00982268
3.56451e+12 0.0813164 0.00627969 0.902871 0.00953314
3.59749e+12 0.0702915 0.00554807 0.915751 0.00840897
3.63078e+12 0.0638577 0.00461445 0.924545 0.00698254
3.66438e+12 0.0645389 0.00389574 0.925675 0.00589075
3.69828e+12 0.0713071 0.0036695 0.919469 0.00555461
3.7325e+12 0.0804703 0.00396676 0.909546 0.00601737
3.76704e+12 0.0875595 0.00459031 0.900876 0.00697435
3.80189e+12 0.0892518 0.00522035 0.897592 0.00793567
3.83707e+12 0.0846729 0.00555541 0.90133 0.00844187
3.87258e+12 0.0756634 0.00543702 0.910646 0.00825381
3.90841e+12 0.0658775 0.00490869 0.921772 0.00744134
3.94457e+12 0.059097 0.00418225 0.93039 0.00633036
3.98107e+12 0.0575991 0.00353178 0.933529 0.00533998
4.01791e+12 0.0613699 0.003174 0.930656 0.00479985
4.05509e+12 0.068388 0.00319209 0.923585 0.00483458
4.09261e+12 0.0756281 0.00352466 0.915499 0.00534797
4.13048e+12 0.080232 0.00400668 0.909675 0.00608637
4.16869e+12 0.0804476 0.00443621 0.908375 0.00674102
4.20727e+12 0.0761315 0.00464424 0.91217 0.00705469
4.2462e+12 0.0687171 0.00454911 0.919829 0.00690444
4.28549e+12 0.060647 0.00417905 0.928839 0.0063353
4.32514e+12 0.0544584 0.00365432 0.936355 0.0055324
4.36516e+12 0.0518842 0.003137 0.940235 0.00474377
4.40555e+12 0.0533357 0.00277133 0.939704 0.00418915
4.44631e+12 0.0579217 0.00263926 0.935447 0.0039925
4.48745e+12 0.0638905 0.00274463 0.929207 0.00415821
4.52898e+12 0.0692445 0.00302342 0.923145 0.00458733
4.57088e+12 0.0723078 0.00336995 0.919204 0.00511776
4.61318e+12 0.0721326 0.00366867 0.918626 0.00557298
4.65586e+12 0.0687 0.00382474 0.921667 0.00580867
4.69894e+12 0.0628859 0.0037878 0.927577 0.00574892
4.74242e+12 0.0561892 0.00356337 0.934844 0.00540321
4.7863e+12 0.0502832 0.00320779 0.94165 0.00485849
4.83059e+12 0.0465329 0.00280848 0.94641 0.00424876
4.87528e+12 0.0456423 0.00245675 0.948187 0.00371342
4.9204e+12 0.0475378 0.0022232 0.946879 0.00335984
4.96592e+12 0.0514819 0.00214307 0.943134 0.00324112
5.01187e+12 0.0563331 0.0022133 0.938102 0.00335183
5.05825e+12 0.0608421 0.00239872 0.933122 0.00363759
5.10505e+12 0.0639151 0.00264304 0.92943 0.00401206
5.15229e+12 0.0648138 0.00288186 0.927928 0.00437674
5.19996e+12 0.0632815 0.00305561 0.929022 0.00464085
5.24807e+12 0.0595811 0.00312136 0.932558 0.00473923
5.29663e+12 0.0544289 0.00306108 0.937865 0.0046449
5.34564e+12 0.0488246 0.00288443 0.943918 0.00437318
5.39511e+12 0.043818 0.00262485 0.949582 0.00397561
5.44503e+12 0.0402748 0.00233028 0.953869 0.00352567
5.49541e+12 0.0387096 0.00205146 0.956138 0.00310085
5.54626e+12 0.0392212 0.00183132 0.956181 0.00276652
5.59758e+12 0.0415268 0.00169803 0.95421 0.00256542
5.64937e+12 0.0450614 0.00166236 0.950763 0.00251357
5.70164e+12 0.0491032 0.00171841 0.946577 0.00260159
5.7544e+12 0.0528961 0.00184654 0.942458 0.00279918
5.80764e+12 0.0557591 0.00201745 0.939162 0.00306138
5.86138e+12 0.0571784 0.00219693 0.937289 0.00333583
5.91562e+12 0.05688 0.002351 0.937198 0.0035707
5.97035e+12 0.0548691 0.0024512 0.938957 0.00372267
6.0256e+12 0.0514252 0.00247897 0.942332 0.00376368
6.08135e+12 0.047048 0.00242836 0.946839 0.00368487
6.13762e+12 0.0423618 0.00230615 0.951835 0.00349694
6.19441e+12 0.0380025 0.0021297 0.956641 0.0032266
6.25173e+12 0.0345131 0.00192297 0.960653 0.00291061
6.30957e+12 0.0322702 0.00171199 0.963429 0.00258872
6.36796e+12 0.0314502 0.00152075 0.964731 0.00229757
6.42688e+12 0.0320336 0.00136837 0.964532 0.00206623
6.48634e+12 0.0338327 0.00126745 0.962986 0.00191379
6.54636e+12 0.0365333 0.00122363 0.960394 0.00184865
6.60693e+12 0.0397384 0.00123575 0.957157 0.0018689
6.66807e+12 0.0430141 0.00129662 0.953726 0.0019634
6.72977e+12 0.0459341 0.00139411 0.950558 0.00211346
6.79204e+12 0.0481249 0.00151256 0.948067 0.00229511
6.85488e+12 0.0493075 0.00163469 0.946576 0.00248191
6.91831e+12 0.0493291 0.00174365 0.946279 0.00264819
6.98232e+12 0.0481793 0.00182512 0.947223 0.00277211
7.04693e+12 0.0459848 0.00186891 0.949308 0.00283822
7.11214e+12 0.0429855 0.00186996 0.952306 0.00283894
7.17794e+12 0.0394948 0.00182845 0.955902 0.00277468
7.24436e+12 0.0358543 0.0017492 0.959744 0.00265288
7.31139e+12 0.0323912 0.00164041 0.963482 0.00248619
7.37904e+12 0.0293844 0.00151233 0.966813 0.00229031
7.44732e+12 0.0270445 0.00137585 0.969498 0.0020819
7.51623e+12 0.0255045 0.00124141 0.971377 0.00187689
7.58578e+12 0.0248204 0.00111819 0.972372 0.0016893
7.65597e+12 0.0249771 0.00101366 0.972479 0.00153046
7.72681e+12 0.025897 0.000933227 0.971761 0.00140858
7.7983e+12 0.0274502 0.000880124 0.970341 0.00132853
7.87046e+12 0.0294654 0.000855357 0.968387 0.00129178
7.94328e+12 0.0317436 0.000857742 0.966102 0.00129646
8.01678e+12 0.0340734 0.000884091 0.963705 0.00133764
8.09096e+12 0.0362487 0.00092954 0.961414 0.00140783
8.16582e+12 0.0380857 0.000988045 0.959428 0.00149779
8.24138e+12 0.0394385 0.00105297 0.957911 0.00159736
8.31764e+12 0.0402098 0.00111776 0.956976 0.0016965
8.3946e+12 0.0403558 0.00117646 0.956682 0.00178619
8.47227e+12 0.0398846 0.00122428 0.957032 0.0018591
8.55067e+12 0.0388497 0.00125777 0.957983 0.00191001
8.62979e+12 0.0373383 0.00127497 0.959451 0.00193595
8.70964e+12 0.0354596 0.00127528 0.961329 0.00193607
8.79023e+12 0.0333326 0.00125926 0.963497 0.00191125
8.87156e+12 0.0310764 0.00122839 0.965831 0.00186377
8.95365e+12 0.028803 0.00118473 0.968215 0.00179683
9.03649e+12 0.0266128 0.00113075 0.970542 0.00171419
9.12011e+12 0.0245926 0.00106911 0.972718 0.00161993
9.2045e+12 0.0228146 0.00100251 0.974665 0.0015182
9.28966e+12 0.0213358 0.000933666 0.976317 0.00141312
9.37562e+12 0.0201976 0.000865148 0.977629 0.00130865
9.46237e+12 0.0194248 0.000799371 0.978567 0.00120844
9.54993e+12 0.0190258 0.000738492 0.97912 0.0011158
9.63829e+12 0.0189914 0.000684334 0.979291 0.00103349
9.72747e+12 0.0192964 0.000638312 0.979102 0.000963648
9.81748e+12 0.0199004 0.000601375 0.978591 0.000907722
9.90832e+12 0.0207513 0.000573979 0.977808 0.000866386
1e+13 0.0217886 0.000556094 0.976816 0.000839579
1.00925e+13 0.0229479 0.000547252 0.975678 0.00082657
1.01859e+13 0.0241646 0.000546622 0.974463 0.000826075
1.02802e+13 0.0253782 0.000553103 0.973232 0.000836408
1.03753e+13 0.0265347 0.000565435 0.972044 0.000855632
1.04713e+13 0.0275885 0.000582289 0.970948 0.000881714
1.05682e+13 0.0285029 0.00060235 0.969982 0.000912644
1.0666e+13 0.0292503 0.000624376 0.969179 0.000946523
1.07647e+13 0.0298107 0.000647229 0.96856 0.000981615
1.08643e+13 0.0301714 0.000669891 0.968142 0.00101637
1.09648e+13 0.0303248 0.000691461 0.967934 0.00104941
1.10662e+13 0.0302686 0.000711146 0.967941 0.00107953
1.11686e+13 0.0300044 0.000728251 0.968162 0.00110568
1.1272e+13 0.0295377 0.000742167 0.968593 0.00112692
1.13763e+13 0.0288783 0.000752378 0.969227 0.00114247
1.14815e+13 0.0280402 0.00075846 0.97005 0.0011517
1.15878e+13 0.0270415 0.000760098 0.971044 0.00115413
1.1695e+13 0.025905 0.000757098 0.972188 0.00114946
1.18032e+13 0.0246573 0.000749398 0.973456 0.00113761
1.19124e+13 0.0233283 0.000737081 0.974816 0.00111871
1.20226e+13 0.0219504 0.00072037 0.976236 0.00109311
1.21339e+13 0.0205572 0.000699625 0.977682 0.00106135
1.22462e+13 0.0191818 0.000675323 0.979119 0.00102419
1.23595e+13 0.017856 0.000648041 0.980513 0.00098249
1.24738e+13 0.0166088 0.000618418 0.981836 0.000937241
1.25893e+13 0.0154652 0.000587134 0.983058 0.000889482
1.27057e+13 0.0144461 0.000554876 0.984159 0.00084026
1.28233e+13 0.0135671 0.000522309 0.98512 0.000790593
1.2942e+13 0.0128391 0.000490056 0.985929 0.000741431
1.30617e+13 0.0122682 0.00045868 0.98658 0.000693632
1.31826e+13 0.0118559 0.000428672 0.987067 0.000647944
1.33045e+13 0.0116002 0.000400445 0.987394 0.000604996
